roll, pitch, yaw
-4.730196160039533027e+01,8.547224602691186135e+01,-4.637164974424484165e-01
-4.730297753302927788e+01,8.546379244617642712e+01,-8.233856673689297079e-01
-4.729957973047918784e+01,8.545586525613413187e+01,-1.179512057317936291e+00
-4.728427860282844364e+01,8.544995829940171461e+01,-1.532220050977370462e+00
-4.727286668599600006e+01,8.544410258270228553e+01,-1.880469741551865859e+00
-4.726469660266513984e+01,8.543826629426450836e+01,-2.226364689652603701e+00
-4.725522714741607189e+01,8.543209755886451262e+01,-2.610807499858073477e+00
-4.724884540704779567e+01,8.542818255399193106e+01,-2.992510546173364538e+00
-4.723053041019315401e+01,8.542165323055010617e+01,-3.368476920901555260e+00
-4.720250207761126404e+01,8.541586593434050201e+01,-3.740925418695802307e+00
-4.717940302421240517e+01,8.541357454998336607e+01,-4.110884452210576079e+00
-4.716196152479796666e+01,8.541403621374668376e+01,-4.478325831651757127e+00
-4.714288220680970909e+01,8.541096687924083142e+01,-4.846593016637293694e+00
-4.711635133212634940e+01,8.540504419462982355e+01,-5.211395449280032288e+00
-4.709117129177367644e+01,8.539918435264806362e+01,-5.571714586784770162e+00
-4.709147873464472411e+01,8.539271777745436509e+01,-5.927404374089516814e+00
-4.709344040744858972e+01,8.538780001155808463e+01,-6.279536697192347638e+00
-4.708776747982808786e+01,8.538378005638875834e+01,-6.585207556207877566e+00
-4.707707487323332884e+01,8.537983029026003123e+01,-6.886875924027993534e+00
-4.707087861550442653e+01,8.537402060004241378e+01,-7.185595660966073162e+00
-4.706244945642244915e+01,8.536648619473973554e+01,-7.481419488278450380e+00
-4.704485537759283176e+01,8.535739249169287746e+01,-7.774452948550642617e+00
-4.703983343762275382e+01,8.534882678938802769e+01,-8.065666830751014871e+00
-4.703335022355939543e+01,8.532993967222782317e+01,-8.431621119640999140e+00
-4.705430208096369427e+01,8.530898441608950122e+01,-8.795893420951074404e+00
-4.711424157771556764e+01,8.534022487976258731e+01,-9.136185113565279181e+00
-4.699470166174680941e+01,8.538467613086542940e+01,-9.471785271333354572e+00
-4.676882331272410198e+01,8.542699181819864407e+01,-9.804584670885688524e+00
-4.657691418190272259e+01,8.546250680328218152e+01,-1.012408979312335688e+01
-4.698038807581686882e+01,8.548352251429915327e+01,-1.045390578766544287e+01
-4.727630844952690836e+01,8.548670684760189431e+01,-1.078851942952134557e+01
-4.720996370560987998e+01,8.546317812898921318e+01,-1.113392055310426976e+01
-4.706983806324316078e+01,8.543491588543921011e+01,-1.147703551675133937e+01
-4.697896574448700591e+01,8.543997530272498864e+01,-1.180386340682765045e+01
-4.688359978310464982e+01,8.547165357445376799e+01,-1.206212923769682810e+01
-4.680467837709969103e+01,8.551818318668739494e+01,-1.231208152777500509e+01
-4.671044382086066804e+01,8.557053689866664570e+01,-1.255287135534866927e+01
-4.666460595086727636e+01,8.561922030348043222e+01,-1.277898624132480165e+01
-4.662760878436137801e+01,8.565799926174477719e+01,-1.299782563428734505e+01
-4.651119710850155542e+01,8.566837499255977662e+01,-1.323000723056374994e+01
-4.645428603876007401e+01,8.567551582208884042e+01,-1.358946901903562399e+01
-4.640235361273616377e+01,8.569234205920326986e+01,-1.394361345269952857e+01
-4.628094361817929325e+01,8.571290230984585889e+01,-1.428986842936288326e+01
-4.622821264210979564e+01,8.573610360395053931e+01,-1.462676478986416839e+01
-4.619232945960477110e+01,8.577983244508700977e+01,-1.494382608409477697e+01
-4.608066363295360901e+01,8.583758019554329621e+01,-1.525116905212254181e+01
-4.587324136392732044e+01,8.591152178112101012e+01,-1.540961717970730405e+01
-4.541663603088048262e+01,8.600825989284832929e+01,-1.557688858091457718e+01
-4.494419762705587829e+01,8.610551651575315191e+01,-1.575299413690548178e+01
-4.453191125204661915e+01,8.619563606485348828e+01,-1.594142265170376405e+01
-4.417399713273957929e+01,8.630999389271048017e+01,-1.614147377954511597e+01
-4.385825354505693952e+01,8.643239961267234150e+01,-1.635833582681181042e+01
-4.358489450270345600e+01,8.658646048279011609e+01,-1.657374244846431210e+01
-4.331278343884766713e+01,8.678238706193066321e+01,-1.677926603832643693e+01
-4.304454623835066229e+01,8.699692906244679591e+01,-1.697910979043871293e+01
-4.278019416723509494e+01,8.725678615320299514e+01,-1.717842782097494947e+01
-4.250997747773542557e+01,8.758778408600430510e+01,-1.736749142770601750e+01
-4.217231315034392480e+01,8.798266972899443772e+01,-1.757269120782997618e+01
-4.186410082970650848e+01,8.841814519719734733e+01,-1.780610178784577258e+01
-4.169344568575289856e+01,8.892543447062841722e+01,-1.808719808008229535e+01
-4.150966252153416036e+01,8.953628792385322299e+01,-1.840914132293886496e+01
-4.125463315505501072e+01,9.018857681360822198e+01,-1.874071590004499299e+01
-4.100024378343732678e+01,9.088558525348695127e+01,-1.907050327219894470e+01
-4.080103028918814090e+01,9.158283776193206904e+01,-1.941458788443605243e+01
-4.068420607846513093e+01,9.222803754397450859e+01,-1.982347418766005376e+01
-4.063839679192354737e+01,9.283544168154924137e+01,-2.024084444899533963e+01
-4.058123281298101404e+01,9.334320845259979649e+01,-2.066799210355978644e+01
-4.054942955970858520e+01,9.375662607812176930e+01,-2.104300294122839787e+01
-4.039183761411224793e+01,9.419261528188617660e+01,-2.142430160569473685e+01
-4.010261376632856667e+01,9.465333941528471939e+01,-2.186897513506158575e+01
-3.979433059082897017e+01,9.522347622577933635e+01,-2.231470643211200411e+01
-3.948913024708436836e+01,9.578791166816900216e+01,-2.275633124500976123e+01
-3.921625179679254103e+01,9.638113891102506159e+01,-2.317904453113088437e+01
-3.901948593506143226e+01,9.694162237315359221e+01,-2.352483233537958895e+01
-3.840307400444432773e+01,9.754998526157997674e+01,-2.396746499652100937e+01
-3.752234413351624909e+01,9.829854083827238753e+01,-2.443598053977308027e+01
-3.671142984955754685e+01,9.912737533162847114e+01,-2.497956295615691502e+01
-3.571831928060837669e+01,9.994445575487947053e+01,-2.566594218064606991e+01
-3.412162031040666932e+01,1.007870073645210027e+02,-2.627113079021986053e+01
-3.263985102322519083e+01,1.013760213955892908e+02,-2.674981882630884300e+01
-3.151632819742125591e+01,1.017135550219379070e+02,-2.709215924166871403e+01
-3.072934539675294019e+01,1.018551838829497314e+02,-2.732684924033476648e+01
-3.009949125927956359e+01,1.018097604029877630e+02,-2.749497214446590476e+01
-2.943222169320970139e+01,1.016644712909137240e+02,-2.749140464821389784e+01
-2.872313695037633607e+01,1.014086550946195757e+02,-2.750179963174833730e+01
-2.818167943197245862e+01,1.009622475748083730e+02,-2.756206588722861284e+01
-2.776189679671451671e+01,1.003483939882141129e+02,-2.763287804599073638e+01
-2.746875694435557591e+01,9.966709901674894923e+01,-2.767909410355163047e+01
-2.721984716247612823e+01,9.899441034906551806e+01,-2.779600202008509058e+01
-2.693146270499613948e+01,9.829598863353619720e+01,-2.785462155714510146e+01
-2.662526915063274302e+01,9.759735486833811535e+01,-2.788789570663065831e+01
-2.629732142377676141e+01,9.692556406006343650e+01,-2.783143556004363361e+01
-2.593887525444227293e+01,9.625711178209090235e+01,-2.767475993257623657e+01
-2.549683958444844123e+01,9.562470912827187419e+01,-2.744106141304967750e+01
-2.508336166623916341e+01,9.497609017534664133e+01,-2.720863495126194564e+01
-2.474841991612278491e+01,9.429867376377052324e+01,-2.701697692687025665e+01
-2.448230756647581075e+01,9.359874104800778127e+01,-2.684869518228832419e+01
-2.428512235346874348e+01,9.292430254075048879e+01,-2.669796339184376421e+01
-2.410016884501008150e+01,9.229398832023373700e+01,-2.654358677326274574e+01
-2.385143817239123365e+01,9.167707079448327079e+01,-2.636494928139962468e+01
-2.345683289438608909e+01,9.108022493954771903e+01,-2.614026875309191311e+01
-2.294471453362569591e+01,9.053273683984177467e+01,-2.589086699682031423e+01
-2.252175248941209418e+01,8.991618939807298716e+01,-2.561458786106745578e+01
-2.238888704270194907e+01,8.935305108490379666e+01,-2.547095275807128800e+01
-2.224851691676824572e+01,8.885583303177457992e+01,-2.541577868809769924e+01
-2.191404269606203670e+01,8.836327972347575610e+01,-2.547930440831519405e+01
-2.145696686032162859e+01,8.779261780668083759e+01,-2.558225551244063212e+01
-2.097392984510256753e+01,8.711278186513858657e+01,-2.576510419760930759e+01
-2.054342372039538134e+01,8.639300213943586471e+01,-2.593723104014367209e+01
-2.019910791166680397e+01,8.562655664838895575e+01,-2.601303653642402836e+01
-1.995457674890772637e+01,8.493325422123206181e+01,-2.610820643654162865e+01
-1.989933424839187026e+01,8.438220897723221015e+01,-2.621575874110099136e+01
-1.979060125240451029e+01,8.389524949844489754e+01,-2.632000285742947199e+01
-1.941030304090499214e+01,8.359632113479365501e+01,-2.638909189587503334e+01
-1.904531109492487673e+01,8.340416635577996374e+01,-2.647738954450307602e+01
-1.879908784383927767e+01,8.324745948918092608e+01,-2.665316304651969048e+01
-1.876615424627174278e+01,8.304732836017164743e+01,-2.681748532150053776e+01
-1.873829382875418403e+01,8.274687012213664161e+01,-2.698806882933033435e+01
-1.867225292842048745e+01,8.242828562775034129e+01,-2.715663152507239175e+01
-1.863491723801612210e+01,8.210614789523415880e+01,-2.732835280954074264e+01
-1.867019053481735114e+01,8.177866272911597889e+01,-2.749576433968219291e+01
-1.873221020184767127e+01,8.139024748133010689e+01,-2.769211602955719798e+01
-1.880541031093360260e+01,8.097367554552697300e+01,-2.786904119930182233e+01
-1.889095167323995739e+01,8.052769652914665244e+01,-2.802467094468825692e+01
-1.910282679903977865e+01,7.999395648709278817e+01,-2.817361314524013238e+01
-1.961438381468941117e+01,7.937714069186880295e+01,-2.829445545805921469e+01
-2.032319243883718940e+01,7.873552590407996377e+01,-2.844945262011399834e+01
-2.119112959880175495e+01,7.809508801296269098e+01,-2.858446425697372462e+01
-2.215117382395019163e+01,7.742499780043706892e+01,-2.868066532393024559e+01
-2.310131586258620473e+01,7.679471917335344244e+01,-2.876352318394570418e+01
-2.395642763639122563e+01,7.625751489111557646e+01,-2.885745939381429181e+01
-2.452352377246069892e+01,7.584202667875338477e+01,-2.900189745500167859e+01
-2.489871530049357062e+01,7.549633004390197755e+01,-2.915143504825517695e+01
-2.501887697778279218e+01,7.523603889735605321e+01,-2.935897372045063136e+01
-2.515661869434175202e+01,7.493555687475462435e+01,-2.956349054223676021e+01
-2.511572118588794922e+01,7.456399447531751434e+01,-2.975629601035096172e+01
-2.508586632113685866e+01,7.414393452530536877e+01,-2.994486550759955890e+01
-2.479199875219928018e+01,7.372535639120104634e+01,-3.015058794319974567e+01
-2.571438899229827157e+01,7.335041395752587334e+01,-3.032675102685878343e+01
-2.662014320147859436e+01,7.293514055748052272e+01,-3.040493577174915174e+01
-2.743463992338418933e+01,7.250416501491594090e+01,-3.038540632708770417e+01
-2.855564793001142831e+01,7.208835596089490139e+01,-3.030871119093445643e+01
-2.856436189703277861e+01,7.172301456444516532e+01,-3.027172233667570467e+01
-2.837461897461731297e+01,7.134188915813125220e+01,-3.024136890935604427e+01
-2.803379220823173057e+01,7.098038762262099510e+01,-3.021403832088770613e+01
-2.752000093744384657e+01,7.064047370747603338e+01,-3.018516050503015791e+01
-2.701336602585660529e+01,7.030470127635008737e+01,-3.015986771699658675e+01
-2.639567579232252115e+01,6.997127481908748337e+01,-3.015726122505693851e+01
-2.571639992290940313e+01,6.963699143228214439e+01,-3.019270337110770441e+01
-2.504871706672636833e+01,6.934465203829182656e+01,-3.025020005065592699e+01
-2.527984502436098779e+01,6.911279713527292756e+01,-3.030211562541926895e+01
-2.584075069663917645e+01,6.891865901883528522e+01,-3.032222303270161845e+01
-2.618052610857201401e+01,6.878931810124373669e+01,-3.032521261168047388e+01
-2.624291670154423528e+01,6.868903888197600338e+01,-3.033004484506589549e+01
-2.608307308298459404e+01,6.859302454312120290e+01,-3.039671154535782449e+01
-2.574333717884636741e+01,6.850099863285014123e+01,-3.048383857886124915e+01
-2.538635434760072940e+01,6.843228659583922990e+01,-3.058918750396871289e+01
-2.513814950494183975e+01,6.834837735704446970e+01,-3.071526212533491318e+01
-2.471808362770161338e+01,6.826394169841404391e+01,-3.084059515294147857e+01
-2.442140618307343303e+01,6.817756514231297160e+01,-3.095532429604427094e+01
-2.436740042773811865e+01,6.811938143825163650e+01,-3.107100491876804682e+01
-2.468498156358788620e+01,6.808811880911028425e+01,-3.118018355560914401e+01
-2.514774559092926154e+01,6.807894467284191364e+01,-3.128968398537583084e+01
-2.572762031102093871e+01,6.813369282504973512e+01,-3.138967927335258423e+01
-2.626205737570924725e+01,6.828345037433751941e+01,-3.147939610460613835e+01
-2.667697989566518046e+01,6.847275602778633186e+01,-3.161085187394289164e+01
-2.657800634846790899e+01,6.866288082425674588e+01,-3.173250457918337375e+01
-2.629033970237762929e+01,6.884257260105634657e+01,-3.185465605918297882e+01
-2.549441102993853292e+01,6.903390665746529464e+01,-3.202331827718143842e+01
-2.460494354023233754e+01,6.922348816787756220e+01,-3.221224189235323365e+01
-2.365494607449570097e+01,6.940328656546675745e+01,-3.237648208280636197e+01
-2.268051475843509479e+01,6.954403503828622490e+01,-3.247894217583112209e+01
-2.182200321396695841e+01,6.965559138353032154e+01,-3.261230204719770853e+01
-2.091551712467406077e+01,6.975230348742469744e+01,-3.285970517007705638e+01
-1.982938221510926979e+01,6.995084264835205090e+01,-3.320618588400488846e+01
-2.140352333826778874e+01,7.020098413477687416e+01,-3.358425091436252075e+01
-2.264647375291900033e+01,7.051315952515234642e+01,-3.392587419153338857e+01
-2.368349021555746603e+01,7.095476596762343036e+01,-3.413598352070768982e+01
-2.426779549429576832e+01,7.161395675016312623e+01,-3.421173610463074510e+01
-2.443743669164215504e+01,7.231046524041678936e+01,-3.429643293148711791e+01
-2.426317918265293727e+01,7.302852841667734651e+01,-3.445021035860518310e+01
-2.495271860860510671e+01,7.372970017366671414e+01,-3.467769021794369166e+01
-2.574405033159881384e+01,7.441545313871654344e+01,-3.486087791800995461e+01
-2.649401644703398162e+01,7.511523699758356543e+01,-3.507760418816163650e+01
-2.709776713583788421e+01,7.591566021354978488e+01,-3.536188361306007266e+01
-2.757842011724683573e+01,7.687999619038399146e+01,-3.572878042502465235e+01
-2.817043638189772636e+01,7.805639118777003205e+01,-3.618998324415671419e+01
-2.887568291502589801e+01,7.931848215690236259e+01,-3.669455726846874200e+01
-2.980120840762053191e+01,8.071502813114079800e+01,-3.727571733219051708e+01
-3.086147535259293306e+01,8.226897347903765478e+01,-3.780949963852927453e+01
-3.210586982948382229e+01,8.396693150262538552e+01,-3.822047617365549144e+01
-3.331574644683033171e+01,8.574932951840246176e+01,-3.857669192374873290e+01
-3.442632821486147066e+01,8.752712279654166139e+01,-3.889373956406117117e+01
-3.535257956251622602e+01,8.922378811373562257e+01,-3.903360813758489911e+01
-3.600926597459596934e+01,9.080113480068209242e+01,-3.920293750721346271e+01
-3.637134809300225413e+01,9.227304559224302238e+01,-3.936928914112873201e+01
-3.584574269293106141e+01,9.349397754786672010e+01,-3.960324903424695719e+01
-3.539910910510406694e+01,9.440845159141088061e+01,-3.998087390654038842e+01
-3.509671002424962438e+01,9.518642792415785436e+01,-4.033097195746729824e+01
-3.486103901668702321e+01,9.594415487492165084e+01,-4.043758363400917943e+01
-3.464407736141326666e+01,9.661620414067769502e+01,-4.052313120910629607e+01
-3.442509706987663520e+01,9.724395889702074669e+01,-4.061402240876073932e+01
-3.414188502439345996e+01,9.775176782471126558e+01,-4.072878285125645448e+01
-3.381978573002874100e+01,9.802863563059713670e+01,-4.083944120021898527e+01
-3.362372640807622304e+01,9.809733464735293751e+01,-4.090967501834791165e+01
-3.351812688488453063e+01,9.810395355503186465e+01,-4.103770423127468092e+01
-3.349764240594698350e+01,9.798523309458580854e+01,-4.110574478530735831e+01
-3.350342995705956639e+01,9.778054509069853850e+01,-4.113954278442695767e+01
-3.351938546546361408e+01,9.740065187855456941e+01,-4.108865844296860104e+01
-3.345470170786538233e+01,9.684508754597771940e+01,-4.093586130404126777e+01
-3.329096009938943013e+01,9.612931684973122515e+01,-4.067959667198521601e+01
-3.305431380871060298e+01,9.529432440691790873e+01,-4.031483055662233994e+01
-3.272898851068043058e+01,9.434024458172848426e+01,-3.990161350170659915e+01
-3.234467932171833837e+01,9.333676857954353068e+01,-3.946720515035418941e+01
-3.201291319391211232e+01,9.226659074080878042e+01,-3.910676035871123446e+01
-3.172361016138755119e+01,9.117276849560451524e+01,-3.888260397648706146e+01
-3.147652598893543896e+01,9.010631327796504308e+01,-3.888739218778054862e+01
-3.144420653800315790e+01,8.914076764764209315e+01,-3.901579211128315450e+01
-3.147333236069535545e+01,8.832690827806659684e+01,-3.923166679542962498e+01
-3.142100471639091452e+01,8.761401792767266272e+01,-3.950444106590384052e+01
-3.121653861195761692e+01,8.709989058459755995e+01,-3.986440087333184579e+01
-3.090135089403270641e+01,8.668097784766027303e+01,-4.021636511707352923e+01
-3.051515038203032049e+01,8.629928329159054101e+01,-4.046010115080265734e+01
-3.000240982358775810e+01,8.604340836922999358e+01,-4.059129713148161045e+01
-2.944765095399836596e+01,8.587044549421719353e+01,-4.058151262566300943e+01
-2.886292052404707320e+01,8.554863591264582112e+01,-4.044099429910203725e+01
-2.826706867434377557e+01,8.511874341004855182e+01,-4.025701184630776197e+01
-2.752354229494556037e+01,8.439334860172384367e+01,-4.000518931134450895e+01
-2.697718643228111901e+01,8.346299857373939801e+01,-3.963649307554891976e+01
-2.664361550760072817e+01,8.247215554460755982e+01,-3.926465100138397446e+01
-2.655868014356936158e+01,8.147122518100074728e+01,-3.906907038930428655e+01
-2.660802452892404801e+01,8.048981226846609616e+01,-3.897730084848087273e+01
-2.669894357267763851e+01,7.966224385535953445e+01,-3.901379863261499281e+01
-2.689151504847091800e+01,7.893252303784686319e+01,-3.922407649170209964e+01
-2.766230956773317828e+01,7.837808982256511570e+01,-3.943277526893211160e+01
-2.910316340499915810e+01,7.807316552140194688e+01,-3.958947617553094744e+01
-3.046539592015395215e+01,7.777973422630077494e+01,-3.971332000480443725e+01
-3.135511070496123409e+01,7.744808602678726572e+01,-3.980973542483364014e+01
-3.231435515571099160e+01,7.698243772861727052e+01,-3.981776878668785002e+01
-3.331277969050989896e+01,7.638034321975617047e+01,-3.966777227535329331e+01
-3.431335606329969323e+01,7.582034862994500202e+01,-3.943315144936320138e+01
-3.516354591508581962e+01,7.536441395796994414e+01,-3.919873862328633152e+01
-3.586855404992585505e+01,7.503178224949627406e+01,-3.908727605443446151e+01
-3.645618788050354198e+01,7.467724074780375076e+01,-3.901710361243404890e+01
-3.673711190637861534e+01,7.419841623826012267e+01,-3.923140215854519397e+01
-3.679451784172128725e+01,7.363373343180934683e+01,-3.952071450187082036e+01
-3.679376442729235208e+01,7.311259756050188230e+01,-3.980693143504119291e+01
-3.661167754634980298e+01,7.278777515934773135e+01,-4.006174654210309427e+01
-3.614564423418516981e+01,7.253001471993819393e+01,-4.031090693355751853e+01
-3.509822710002736557e+01,7.219523819812108911e+01,-4.061696914670080361e+01
-3.416089386603503186e+01,7.182489956502571715e+01,-4.090450281055559856e+01
-3.368978339758658080e+01,7.136922873911123588e+01,-4.130512590777512116e+01
-3.364760727050739320e+01,7.082690040511425877e+01,-4.166796290770850675e+01
-3.382396163972729397e+01,7.029844351202763164e+01,-4.188101284625917486e+01
-3.431619326171356477e+01,6.982746748807015535e+01,-4.203702357023458092e+01
-3.541602067906053719e+01,6.946542553375854823e+01,-4.208815450524456736e+01
-3.701647893482988394e+01,6.913447025558829750e+01,-4.217836287664567152e+01
-3.860460198256193110e+01,6.881218294803770164e+01,-4.227311240897435596e+01
-3.993595710901914941e+01,6.857956514168392914e+01,-4.236768399526014406e+01
-3.937828950301345543e+01,6.841910185656482213e+01,-4.248835703996941504e+01
-3.896049899420313523e+01,6.825541220377297691e+01,-4.260831214040611314e+01
-3.866163838480068193e+01,6.809071724088339295e+01,-4.269403659238818705e+01
-3.846221270447970397e+01,6.796035882363801761e+01,-4.279023433546566935e+01
-3.840823315025232176e+01,6.785485115312178550e+01,-4.288373042785904943e+01
-3.853172813551754672e+01,6.777973412245417251e+01,-4.296478159191091351e+01
-3.853424360758906175e+01,6.771044128186875355e+01,-4.304418590752599272e+01
-3.837024958755350923e+01,6.766092165547787829e+01,-4.314994351888640978e+01
-3.838560284774929698e+01,6.767230430427368049e+01,-4.361605106986090163e+01
-3.827633012408092128e+01,6.772699259121026216e+01,-4.410173857547175658e+01
-3.809531362981570624e+01,6.777316402772407855e+01,-4.458648149852722753e+01
-3.780857313064123559e+01,6.780322570642249502e+01,-4.506115325012071082e+01
-3.774938828534912005e+01,6.778153875078095325e+01,-4.550333388632729736e+01
-3.784758619395962853e+01,6.773899769204307120e+01,-4.579620428492969353e+01
-3.810921916710176305e+01,6.773133709538974756e+01,-4.605978896317897409e+01
-3.841571142210190004e+01,6.770864550002799831e+01,-4.630458628341479965e+01
-3.908141442191776349e+01,6.769557986718460540e+01,-4.651180867868257707e+01
-3.973435148815083551e+01,6.766159181538955636e+01,-4.667528418997289918e+01
-3.996723248170240339e+01,6.760827199542897858e+01,-4.697138780953933690e+01
-4.009611428175016101e+01,6.759156331494214953e+01,-4.728280879909961243e+01
-4.014126432205505779e+01,6.760221310939644468e+01,-4.762905805839417184e+01
-3.987565854853907865e+01,6.764115991405003570e+01,-4.798952599193582103e+01
-3.953816144411532463e+01,6.768779453645306887e+01,-4.835127052004616388e+01
-3.938854281587345696e+01,6.775977190171312259e+01,-4.887004814963705712e+01
-4.083791173077254655e+01,6.782980276284173726e+01,-4.939843729662405991e+01
-4.211002043380570115e+01,6.791178708084025573e+01,-4.987454696137591981e+01
-4.380536358070643388e+01,6.804758659971295742e+01,-5.029531954307632446e+01
-4.271156800392393649e+01,6.813746698548628444e+01,-5.069377289866009306e+01
-4.178135278831117461e+01,6.821695517994504598e+01,-5.113015877323899616e+01
-4.117303304099985439e+01,6.832457710901448422e+01,-5.164168290805268668e+01
-4.043452996859605264e+01,6.846332845819956958e+01,-5.216642617606465393e+01
-3.911596619127295327e+01,6.874749902139760138e+01,-5.272167430792131171e+01
-4.057161052435572657e+01,6.921894708550897235e+01,-5.334314076829723206e+01
-4.143957621015149329e+01,6.979444408540743439e+01,-5.400879431344499437e+01
-4.226480232786545344e+01,7.039056948531060698e+01,-5.471518165217423757e+01
-4.306329993256114363e+01,7.108319629175750265e+01,-5.530568487431829539e+01
-4.375608069504997388e+01,7.194842595697942045e+01,-5.579370230829836430e+01
-4.442469880763243850e+01,7.298272024779375045e+01,-5.627870071145696329e+01
-4.507452139052708873e+01,7.405377252409928701e+01,-5.680632106028836148e+01
-4.572357841688970836e+01,7.514417072554167021e+01,-5.722288730467245443e+01
-4.638262468793809035e+01,7.626980781833755429e+01,-5.778666560975963051e+01
-4.703198281787039292e+01,7.753819667492227552e+01,-5.846971956026462891e+01
-4.776214760799877013e+01,7.900531057739264895e+01,-5.916484618925488093e+01
-4.854207869577898293e+01,8.054518590340595097e+01,-5.984443893808419546e+01
-4.943315602118659058e+01,8.211724061991618839e+01,-6.050171688978363704e+01
-5.030248245304529320e+01,8.361787890273183166e+01,-6.118074508975062997e+01
-5.115809605882807887e+01,8.505398586980506082e+01,-6.186338684496284657e+01
-5.208364030548069223e+01,8.631110018430804587e+01,-6.249867639044536105e+01
-5.289128289445378783e+01,8.740631255132871047e+01,-6.316391387928543821e+01
-5.329641933684221300e+01,8.830042112316706948e+01,-6.385333134778122854e+01
-5.354493454556540399e+01,8.901290327610360009e+01,-6.434655758706827555e+01
-5.372609503333442404e+01,8.965480235776712448e+01,-6.484474453938095451e+01
-5.376820723833065330e+01,9.020895842211454863e+01,-6.546401731553061154e+01
-5.368191974799112387e+01,9.074162956653695744e+01,-6.611234536914906812e+01
-5.353412016389400208e+01,9.120371375858336194e+01,-6.679261609699447888e+01
-5.325177628991621503e+01,9.140475465086639417e+01,-6.759039677032927784e+01
-5.295510621663284923e+01,9.156119064265826069e+01,-6.822518267324126384e+01
-5.258722555058074022e+01,9.163934907300603072e+01,-6.882480692923873278e+01
-5.231423764044793501e+01,9.160789827259543472e+01,-6.934405192511790972e+01
-5.224080590017444337e+01,9.154298878439959708e+01,-6.976377881912496548e+01
-5.219145862293428451e+01,9.144878779458056783e+01,-7.001598034138277171e+01
-5.206201298827216561e+01,9.131036757927243741e+01,-7.028212743115399519e+01
-5.182922444202829837e+01,9.105326289995025490e+01,-7.043245207349990267e+01
-5.148852270071598980e+01,9.070796220378272778e+01,-7.050748763935624197e+01
-5.108893485427000769e+01,9.027429447947848473e+01,-7.055395210828734776e+01
-5.065153794299749990e+01,8.979244644029049027e+01,-7.059987496936460616e+01
-5.019144551629104711e+01,8.923324488818920486e+01,-7.068326664787882407e+01
-4.975251916562056920e+01,8.859849126726503243e+01,-7.089150031968082999e+01
-4.935158065338321620e+01,8.785891055478209921e+01,-7.118942697713771395e+01
-4.897439094625482170e+01,8.708180301743495022e+01,-7.153547784672649357e+01
-4.865841125521743038e+01,8.630859016638113701e+01,-7.196388304578383099e+01
-4.842657292801040114e+01,8.561497856992527034e+01,-7.239634473370104217e+01
-4.818567124756235387e+01,8.493774427209550026e+01,-7.281733467663801207e+01
-4.782181487754900928e+01,8.428496122634298615e+01,-7.326419282254281029e+01
-4.746148181493117590e+01,8.368748706697445527e+01,-7.371417310953353308e+01
-4.722548643981600236e+01,8.330486546156667771e+01,-7.417634233275703082e+01
-4.709974229920909039e+01,8.308203693221004471e+01,-7.461544407082205055e+01
-4.700206521039524432e+01,8.287788249290629494e+01,-7.501732194744981541e+01
-4.678738732197634675e+01,8.267139816349626358e+01,-7.534387917301344828e+01
-4.633529022587806168e+01,8.248664661482995086e+01,-7.558584666390925122e+01
-4.591518886667279986e+01,8.219681911953398412e+01,-7.569879797600458460e+01
-4.577341928733635967e+01,8.174990119783863918e+01,-7.560183308345426667e+01
-4.557872586531511416e+01,8.128052771331401516e+01,-7.545623078670325867e+01
-4.512566255548264138e+01,8.088109178947438238e+01,-7.538087532485234021e+01
-4.467608886866324269e+01,8.059402638373028083e+01,-7.544668588926397490e+01
-4.419664818020805086e+01,8.033958547629076463e+01,-7.553118340199117142e+01
-4.378847915805440039e+01,8.015898824797453415e+01,-7.560896247437368345e+01
-4.399277366385847898e+01,8.009166516017675974e+01,-7.565817190401189407e+01
-4.415319960656326970e+01,7.976104385119121787e+01,-7.551563475011337800e+01
-4.388221457116794255e+01,7.937221257963739163e+01,-7.544163808962011331e+01
-4.348019557405400093e+01,7.892473521816512516e+01,-7.553738982919357170e+01
-4.383559907029327718e+01,7.846759619995130208e+01,-7.583503073659190363e+01
-4.535098139617284829e+01,7.789386182123477909e+01,-7.610957053781648085e+01
-4.685894310438254706e+01,7.722218653428039659e+01,-7.628936561230352709e+01
-4.789433941938138872e+01,7.644114349137174713e+01,-7.636095849674936176e+01
-4.811969378591359714e+01,7.569457548159091687e+01,-7.641307640413189972e+01
-4.799083571974880158e+01,7.497468058646528277e+01,-7.649327005588108364e+01
-4.782505689144922201e+01,7.430786410745734827e+01,-7.665109107523511511e+01
-4.792217369883262990e+01,7.369210571443888114e+01,-7.687567944110901408e+01
-4.781282988173751392e+01,7.315308702365054216e+01,-7.708138452603076018e+01
-4.720482518810722183e+01,7.258488371246090765e+01,-7.736927260900276337e+01
-4.674354403681053327e+01,7.194431571113437940e+01,-7.776978978889991367e+01
-4.658617984923489530e+01,7.130694456057339892e+01,-7.824616609864075656e+01
-4.669488600921379629e+01,7.068123411294655511e+01,-7.877602001488726557e+01
-4.728070559697215458e+01,7.009335268247859574e+01,-7.922672981574702078e+01
-4.807273672827867728e+01,6.954251034316020252e+01,-7.962852451492628347e+01
-4.903304187351578491e+01,6.906922630224484294e+01,-8.005371838190383471e+01
-5.005595821606957685e+01,6.866763035581141139e+01,-8.041641882312009670e+01
-5.126930506416859856e+01,6.838611793149006246e+01,-8.074814120152193198e+01
-5.115257682686806362e+01,6.827490500091798253e+01,-8.112583485084836354e+01
-5.063883979838321636e+01,6.825928094273660918e+01,-8.154150251632468382e+01
-5.041322461220661921e+01,6.825118333115516123e+01,-8.197498324568029204e+01
-5.020793827707384338e+01,6.817629427136036213e+01,-8.244578008410985603e+01
-5.008427628772201956e+01,6.809490479475910263e+01,-8.291998287614671881e+01
-4.988418205120138538e+01,6.804693002970368809e+01,-8.337903561053474277e+01
-4.917123222317397335e+01,6.800821643906871827e+01,-8.379184328208866361e+01
-5.010976383659023270e+01,6.793383990974228936e+01,-8.425115254412412469e+01
-5.073201176751313568e+01,6.787465791012890293e+01,-8.468551760198623413e+01
-5.124486056920439836e+01,6.783307390915591384e+01,-8.511481390917221290e+01
-5.133499558277146946e+01,6.783053276272623577e+01,-8.558059584614996140e+01
-5.130630991042804112e+01,6.783184268303554632e+01,-8.606115795222093823e+01
-5.115991109490217781e+01,6.782403702612010932e+01,-8.659788771011076847e+01
-5.095940441407212518e+01,6.781306052535215656e+01,-8.712828350207567496e+01
-5.075876668273097891e+01,6.782863998584051046e+01,-8.763772611357086362e+01
-5.070158001178572249e+01,6.787109698440060868e+01,-8.813091587534923121e+01
-5.082708674805655136e+01,6.796420172937307314e+01,-8.860759238937674809e+01
-5.087951356547251436e+01,6.808250613430990938e+01,-8.904490688571267754e+01
-5.073858128591171379e+01,6.821012928227526118e+01,-8.948024574575009638e+01
-5.055734447777216189e+01,6.833913596047570138e+01,-8.993411266334776144e+01
-5.029927954798723988e+01,6.844616162681059279e+01,-9.040883485914997664e+01
-5.006441942168968495e+01,6.856810814781678687e+01,-9.088250256144613104e+01
-5.042845432457384192e+01,6.870367588963068783e+01,-9.134596986324854129e+01
-5.103984003213066956e+01,6.881096658950770006e+01,-9.172800362691710063e+01
-5.144291058906147640e+01,6.889764704680101204e+01,-9.210489895002628202e+01
-5.213387488468792696e+01,6.900138587826569392e+01,-9.247481134068161168e+01
-5.329644198113479803e+01,6.910089744505449971e+01,-9.279805506447650032e+01
-5.389185273667173703e+01,6.922145187627650387e+01,-9.303400515562053386e+01
-5.403948807445416236e+01,6.933973888906690775e+01,-9.315556813390809054e+01
-5.364430585849607525e+01,6.943328661848738648e+01,-9.327986934300115252e+01
-5.315117505686712462e+01,6.957730802462030795e+01,-9.345089070479592408e+01
-5.320813818906749049e+01,6.975131966902479519e+01,-9.364619899894341870e+01
-5.322067923107661613e+01,6.989562715179654617e+01,-9.387989598123770918e+01
-5.188540346352458243e+01,7.002246244429795752e+01,-9.411786219903693507e+01
-5.036797653528603291e+01,7.020997940185137054e+01,-9.438942022968599588e+01
-5.226014313641135800e+01,7.045682992210022633e+01,-9.467535819012168474e+01
-5.350847915848373049e+01,7.081235793019469327e+01,-9.495926915957674908e+01
-5.442660612599640757e+01,7.115835447206005426e+01,-9.522581579482995551e+01
-5.530060981805152664e+01,7.155124106510071158e+01,-9.539764320408191622e+01
-5.603645881212125346e+01,7.197762654188011311e+01,-9.551017599323455443e+01
-5.618589072020389352e+01,7.250323863219747977e+01,-9.550594064995279098e+01
-5.613908791039096968e+01,7.309653158701588893e+01,-9.556252064535230772e+01
-5.607743758440021509e+01,7.368798835067781283e+01,-9.565525432362329639e+01
-5.618991242199476943e+01,7.427987331640838420e+01,-9.583163196447645760e+01
-5.640108460945477020e+01,7.497579785003433983e+01,-9.607835684066009208e+01
-5.659591218379029698e+01,7.586479977832961197e+01,-9.638679288731115946e+01
-5.682203780654767655e+01,7.694644743100188578e+01,-9.680106126284270829e+01
-5.732017693337555642e+01,7.815457833833283985e+01,-9.736559955399617650e+01
-5.801182384825267491e+01,7.939891952471126046e+01,-9.801804550242046332e+01
-5.888654149633607915e+01,8.077183009666785551e+01,-9.873369825974869229e+01
-5.979817962654571772e+01,8.216683018712510034e+01,-9.938362325246781381e+01
-6.078615408092726113e+01,8.363196812867494145e+01,-9.979589123416377561e+01
-6.178822546878410549e+01,8.513213933407837430e+01,-1.001411593017932944e+02
-6.266088501921268517e+01,8.663472969568073268e+01,-1.004161697211075648e+02
-6.279609284301817240e+01,8.825419486702178062e+01,-1.005891357028549606e+02
-6.216969816335764421e+01,8.996884306305554446e+01,-1.007154475909128735e+02
-6.091935414378272640e+01,9.114093635150697992e+01,-1.008258607583678383e+02
-6.027215566197249785e+01,9.204184955384415900e+01,-1.009058087625466982e+02
-6.017960198178312936e+01,9.275720466712611767e+01,-1.008619277440507602e+02
-6.026021226907696615e+01,9.328248083125058088e+01,-1.007227221266693107e+02
-6.044755043905404790e+01,9.359778797798330174e+01,-1.004819146122116393e+02
-6.066901681029015236e+01,9.384241104716717530e+01,-1.001491993715427782e+02
-6.080971827097560123e+01,9.391736905641253941e+01,-9.985400407768268849e+01
-6.081966649245490686e+01,9.381584080610880960e+01,-9.958825140928814790e+01
-6.070310874985827354e+01,9.358894332947353689e+01,-9.933956411777786855e+01
-6.048817666372549695e+01,9.322510164187463033e+01,-9.906655709984893576e+01
-6.016722963625721121e+01,9.274250459438268024e+01,-9.874901916154131243e+01
-5.983570674492143837e+01,9.213761374413721228e+01,-9.841678981467181586e+01
-5.952931731074998112e+01,9.148409508428731840e+01,-9.805835240181683332e+01
-5.924017896258648364e+01,9.075851388548294096e+01,-9.764303555140548951e+01
-5.896262180468031033e+01,9.000831924452674571e+01,-9.718715309968139593e+01
-5.871174097948392046e+01,8.918158987243960212e+01,-9.668105775975523386e+01
-5.840076401942070561e+01,8.833803608302356736e+01,-9.625104656048837626e+01
-5.817744230879034006e+01,8.745747556026709901e+01,-9.596097691820578746e+01
-5.815763177595934508e+01,8.654982676570550382e+01,-9.576507767764140056e+01
-5.825942903897537661e+01,8.565482186534785569e+01,-9.562817406546275834e+01
-5.834462310180396827e+01,8.485686237293442957e+01,-9.560867618169454829e+01
-5.840621270492961514e+01,8.416453558011357927e+01,-9.566010109438470010e+01
-5.848797709616454199e+01,8.363519130051851391e+01,-9.579664001014418773e+01
-5.856177841099020753e+01,8.316216772792111556e+01,-9.596833177115810543e+01
-5.861379456280937461e+01,8.269807052293629113e+01,-9.611742091577481517e+01
-5.871860380574872806e+01,8.229870455545690788e+01,-9.620847908655311187e+01
-5.875265463699410873e+01,8.194014124800898458e+01,-9.621784386206380191e+01
-5.835946095827195279e+01,8.148225712421381672e+01,-9.623110606666999445e+01
-5.780821459614570301e+01,8.098237464933909280e+01,-9.621098973213203465e+01
-5.703738371053982803e+01,8.042094393659361629e+01,-9.605653208889110317e+01
-5.640292557975320165e+01,7.986248274440102080e+01,-9.584438404487740115e+01
-5.602371741703753116e+01,7.925732039601288648e+01,-9.575825071449288828e+01
-5.576350871955251165e+01,7.860019444435138780e+01,-9.576394368935415002e+01
-5.550976962482808830e+01,7.794621057205510795e+01,-9.590640086500923189e+01
-5.533955466537912571e+01,7.756705515005968721e+01,-9.618127379611642880e+01
-5.533812946374909103e+01,7.736555226290127507e+01,-9.648142381206073992e+01
-5.577897709097534573e+01,7.730688438326644984e+01,-9.668477027078012043e+01
-5.643394341230692390e+01,7.717937474694436162e+01,-9.678572852357540057e+01
-5.697894365323508481e+01,7.697648006931979126e+01,-9.684284873483339595e+01
-5.705552840075170451e+01,7.682319296780734419e+01,-9.687828295399634726e+01
-5.678001900268244384e+01,7.674972587891865317e+01,-9.690383619019021921e+01
-5.665709809704170397e+01,7.681680039046985087e+01,-9.695982473019115844e+01
-5.676687477789933922e+01,7.687163765825670225e+01,-9.702560001427157488e+01
-5.681972579210660257e+01,7.685578132609356317e+01,-9.709090166781305697e+01
-5.740649511453463560e+01,7.666342174227034434e+01,-9.717862641762108922e+01
-5.816114969509740007e+01,7.616805380503593881e+01,-9.726344426816233124e+01
-5.869187015643492344e+01,7.557460874823561880e+01,-9.733494424857178728e+01
-5.909086280395983692e+01,7.503131385907448703e+01,-9.738647605459679824e+01
-6.006729942185339155e+01,7.445745522340523337e+01,-9.742012238121205314e+01
-6.124534861652015394e+01,7.380215751374583988e+01,-9.731951286288969527e+01
-6.213834607332692883e+01,7.316558026392600311e+01,-9.715206182659257195e+01
-6.287459054026194849e+01,7.263957062305986767e+01,-9.692684558665685302e+01
-6.343000876898899065e+01,7.210854305328132341e+01,-9.676701148722882806e+01
-6.385789641461513355e+01,7.151155075017737772e+01,-9.671673488106472405e+01
-6.372997075094966135e+01,7.088605528794860788e+01,-9.672095973856872320e+01
-6.351030092140143068e+01,7.027884866662554941e+01,-9.674787478297403709e+01
-6.333709216010120002e+01,6.974767189627932851e+01,-9.685519466118365983e+01
-6.325514489459278877e+01,6.917387350401149604e+01,-9.701965631143887947e+01
-6.332513578832418233e+01,6.855311291915016625e+01,-9.716735089743264098e+01
-6.415548496257949296e+01,6.794894616307759350e+01,-9.720680029584065096e+01
-6.524120808675419880e+01,6.744438226022937499e+01,-9.727008288097020738e+01
-6.643416240767554370e+01,6.713760488592266995e+01,-9.730547853195933783e+01
-6.777108973027627314e+01,6.694214545494548929e+01,-9.737823924120986874e+01
-6.827130085184585084e+01,6.677811512850030340e+01,-9.747358045345102084e+01
-6.839129750224016391e+01,6.668666632095178670e+01,-9.762128604294632339e+01
-6.813580650078959877e+01,6.667469785460436071e+01,-9.784035061308614445e+01
-6.771888728851698147e+01,6.667410582527193696e+01,-9.798835398099660665e+01
-6.713798556225171410e+01,6.672306116185815483e+01,-9.817354433906837130e+01
-6.648808774928417620e+01,6.676722730254289218e+01,-9.835790728540342798e+01
-6.693237600635549711e+01,6.680443199545111099e+01,-9.850388655890964174e+01
-6.801146593916597283e+01,6.679744101653882637e+01,-9.862027697074670129e+01
-6.899656398648875211e+01,6.675307818541004679e+01,-9.868664188781484370e+01
-6.969880283587168890e+01,6.674446924221038557e+01,-9.870645312639982194e+01
-6.981127077912412915e+01,6.677217538994473500e+01,-9.872101987087782504e+01
-6.962652992893504234e+01,6.685278711993176159e+01,-9.873017059479397517e+01
-6.913653181299393680e+01,6.695220104867428290e+01,-9.873501032033898639e+01
-6.866308098975778762e+01,6.705362344993535828e+01,-9.874504438998452827e+01
-6.796088237870225157e+01,6.712856785140363058e+01,-9.877020993131034743e+01
-6.717023413793495479e+01,6.717584385752911658e+01,-9.886534973895614087e+01
-6.637292195893165569e+01,6.721607273610398181e+01,-9.894939105963837278e+01
-6.630611624944323523e+01,6.729906674890727913e+01,-9.902453860142180986e+01
-6.630828126700215819e+01,6.743068075220710966e+01,-9.907931391207328886e+01
-6.625356732837681761e+01,6.758618660888538443e+01,-9.912192654543031267e+01
-6.620531614646206719e+01,6.775982179487354529e+01,-9.910978539861034164e+01
-6.614649700592239867e+01,6.797551853393157728e+01,-9.910454258570871389e+01
-6.567710931914652406e+01,6.821282643193173101e+01,-9.910300129845883532e+01
-6.517221386067920719e+01,6.845347326213031636e+01,-9.909881281988360513e+01
-6.612220357024089878e+01,6.863549755278826581e+01,-9.908195103845699236e+01
-6.687498698948203923e+01,6.879374739472817168e+01,-9.905336229228444722e+01
-6.800506041752842634e+01,6.895568788521273973e+01,-9.899029564608913745e+01
-6.908342139001683790e+01,6.911626487419647447e+01,-9.891754583735273343e+01
-6.986675613366014659e+01,6.926018339627717069e+01,-9.882224448077332113e+01
-7.051951571081080772e+01,6.937911963146611072e+01,-9.870454029561111042e+01
-7.080620118450227096e+01,6.946225980498375918e+01,-9.857869252099358448e+01
-7.117338090929828809e+01,6.954090482823666264e+01,-9.844709157529362642e+01
-7.183137085896979102e+01,6.962255843125079480e+01,-9.820592980075332434e+01
-7.115990180973780355e+01,6.972682217756319289e+01,-9.791457626552825388e+01
-7.010868651784093686e+01,6.988798001410218319e+01,-9.762176720358435489e+01
-7.002963137326722176e+01,7.006276462557180196e+01,-9.736083494967782315e+01
-6.990480699877844017e+01,7.022490726658065796e+01,-9.718467409906273247e+01
-6.863250218402235703e+01,7.036252300302238893e+01,-9.705106592900601470e+01
-7.057741864863128001e+01,7.055238722846283395e+01,-9.699783697600916810e+01
-7.209195979205696858e+01,7.082376289003528314e+01,-9.697124653459113119e+01
-7.309286513707817790e+01,7.108853817378147255e+01,-9.693008383507840620e+01
-7.408900258701629582e+01,7.136892563215251073e+01,-9.678365020635357041e+01
-7.490719606394020502e+01,7.170850502467790477e+01,-9.649905734950648650e+01
-7.541236507557286473e+01,7.215119890880467324e+01,-9.619878410595855200e+01
-7.568596758966829441e+01,7.265430400020302670e+01,-9.593552185368480423e+01
-7.587936599074593857e+01,7.311192916104950257e+01,-9.573416029684868533e+01
-7.604779936339839708e+01,7.352463125221554208e+01,-9.559542423676721512e+01
-7.620874444084033428e+01,7.397445576639982789e+01,-9.549648712210948531e+01
-7.630352374733693921e+01,7.453159927158912978e+01,-9.537569902222307405e+01
-7.643378304469216289e+01,7.524263145761607063e+01,-9.529023742381880879e+01
-7.662573217204676723e+01,7.606716795366206441e+01,-9.526908540769225908e+01
-7.684051231443692132e+01,7.692877840804605682e+01,-9.537278649983045398e+01
-7.704450474908513513e+01,7.779852906677798785e+01,-9.553743242780734590e+01
-7.734035449246871963e+01,7.883132468836005557e+01,-9.568009327864488966e+01
-7.776474725766131257e+01,8.009739956239332059e+01,-9.583957151908052197e+01
-7.841467331914691385e+01,8.155183537251508596e+01,-9.590198285390994215e+01
-7.913669948585354064e+01,8.302023179835158828e+01,-9.595009150968857625e+01
-8.007357312662662707e+01,8.448854026133945183e+01,-9.586739654677653277e+01
-8.116224167707929382e+01,8.587868750709105825e+01,-9.574040977241156725e+01
-8.219252821765290662e+01,8.723423548571527419e+01,-9.546469293082344620e+01
-8.260842590163670707e+01,8.866344594562703207e+01,-9.514343373793860792e+01
-8.252651926134630855e+01,9.016572921445954591e+01,-9.481347944287719542e+01
-8.163428474022533976e+01,9.148185499175122004e+01,-9.456048541694212872e+01
-8.105881923810156309e+01,9.246449074298458015e+01,-9.422853244356448954e+01
-8.079850235187525698e+01,9.328882447846694959e+01,-9.373674194575656315e+01
-8.075075320738568507e+01,9.397930281263381858e+01,-9.314727368168009036e+01
-8.068246300641871471e+01,9.442491585894298112e+01,-9.242153371396219086e+01
-8.044391359925423046e+01,9.472860541058074091e+01,-9.160275779984888800e+01
-8.013830633206147525e+01,9.501973891434661823e+01,-9.075389560036127534e+01
-7.988456961314898308e+01,9.517309847196126782e+01,-8.990324743490123183e+01
-7.955918417592720004e+01,9.523465211888159843e+01,-8.896343920038084718e+01
-7.920643538043132992e+01,9.508814899527391162e+01,-8.805076113767866275e+01
-7.896064680696665050e+01,9.484842894777507638e+01,-8.716730068187852964e+01
-7.877136333129367074e+01,9.444135948559848259e+01,-8.632231058894504372e+01
-7.853142820828436754e+01,9.388776770142314376e+01,-8.553362795156168374e+01
-7.821028553650772608e+01,9.327569351569785283e+01,-8.481615917598227838e+01
-7.784369702308734418e+01,9.269861479900286838e+01,-8.420545285838407779e+01
-7.748542152241437009e+01,9.217526030320532016e+01,-8.362049821490231238e+01
-7.712402005199881216e+01,9.162817331018584355e+01,-8.304452058744438148e+01
-7.669247640319883885e+01,9.102411318646599625e+01,-8.246667155816909656e+01
-7.607791068815643598e+01,9.031943032233388635e+01,-8.192285021301013614e+01
-7.531607217448753033e+01,8.957201093497786815e+01,-8.139053366657823574e+01
-7.446323842013309502e+01,8.881426869885733311e+01,-8.086355965596597173e+01
-7.368966563172581630e+01,8.807323233303999643e+01,-8.040622956155480949e+01
-7.314105636177723113e+01,8.737764557074781635e+01,-8.007591177245653569e+01
-7.276388320753574135e+01,8.668560172395120844e+01,-7.982160777345418978e+01
-7.230092378120950514e+01,8.601368783764110049e+01,-7.961550071749957169e+01
-7.169211144898372368e+01,8.551539812136341823e+01,-7.949044134565868092e+01
-7.114813237527252454e+01,8.510919657204307498e+01,-7.939973946435303276e+01
-7.096346869502340837e+01,8.468782963291860710e+01,-7.925441287045254057e+01
-7.078610620631872052e+01,8.423248387203862819e+01,-7.901248824146281891e+01
-7.042282357054889985e+01,8.377491236864297264e+01,-7.854307261988326161e+01
-6.980289538202532640e+01,8.333456890099435554e+01,-7.806004968014431711e+01
-6.893734563943077376e+01,8.284447297444714309e+01,-7.767505562483238180e+01
-6.799576736365533236e+01,8.234762662388450849e+01,-7.738717220846261569e+01
-6.727031247550712578e+01,8.168815543374351762e+01,-7.733472391697328874e+01
-6.679142361241052583e+01,8.100916857516091341e+01,-7.730642299300704678e+01
-6.648674009144174590e+01,8.033183804746569479e+01,-7.724743461124572264e+01
-6.626983539116476152e+01,7.973675313835649092e+01,-7.711084275165977431e+01
-6.601781364560807219e+01,7.920164350123705788e+01,-7.698843875448569918e+01
-6.556306567970339927e+01,7.875935238401763172e+01,-7.691409617092079998e+01
-6.520229191521201528e+01,7.838739105442115829e+01,-7.688140397860414055e+01
-6.527706546036019120e+01,7.806312098837993574e+01,-7.683363231359365386e+01
-6.570092672001956657e+01,7.770288956695932825e+01,-7.668099891414236424e+01
-6.584567220964956391e+01,7.727821951494448172e+01,-7.642237184128471483e+01
-6.567905698398769232e+01,7.685554930060375511e+01,-7.615524041700608393e+01
-6.564786820736304662e+01,7.647720264045200622e+01,-7.590515256150244738e+01
-6.575117747123896095e+01,7.597351831465725525e+01,-7.571641466026576950e+01
-6.591819723809322795e+01,7.536732902833290382e+01,-7.558281896667034516e+01
-6.607612204764784281e+01,7.473189217722399746e+01,-7.544778675795927825e+01
-6.629685575892573013e+01,7.401515290673769698e+01,-7.530412033172383701e+01
-6.664817652007366178e+01,7.322933867086858584e+01,-7.511041512425715894e+01
-6.705554531541604035e+01,7.250610279931167668e+01,-7.492083290896036374e+01
-6.752380316265865190e+01,7.186473338355153828e+01,-7.475547588038263314e+01
-6.795367430745427839e+01,7.126427033743085815e+01,-7.458889550933467660e+01
-6.830299819265097483e+01,7.075668659252870896e+01,-7.447087742097070873e+01
-6.836312382055280068e+01,7.034209433254855526e+01,-7.432028621309086702e+01
-6.822301043929122955e+01,6.997558183129682163e+01,-7.415938618802707083e+01
-6.794264173856775813e+01,6.965677395303475805e+01,-7.370461620519562018e+01
-6.730286340819597513e+01,6.931729099930322491e+01,-7.320987276861224302e+01
-6.660031629495415473e+01,6.902305554814310540e+01,-7.309983895172392465e+01
-6.607656310104478337e+01,6.877093406210269677e+01,-7.322834050570841669e+01
-6.603056049871567268e+01,6.853905543316487581e+01,-7.338954655365353119e+01
-6.613193460551413239e+01,6.826784754628414476e+01,-7.352887132341660958e+01
-6.610096326181681547e+01,6.798378049550325386e+01,-7.362083677900584178e+01
-6.617675715021995586e+01,6.771297473574398396e+01,-7.369062672617823750e+01
-6.693873403244928966e+01,6.746801569165225487e+01,-7.371857454479913940e+01
-6.792547949202034374e+01,6.723530294030248911e+01,-7.370314032370970381e+01
-6.926969583601449187e+01,6.702768902247579774e+01,-7.363858099149067016e+01
-7.042595789163871700e+01,6.687890257533258875e+01,-7.358677445630215175e+01
-7.087261556317130839e+01,6.679625526976738570e+01,-7.354133146626465134e+01
-7.065570997620598348e+01,6.676723930378922489e+01,-7.344666200742895512e+01
-7.015019974722535778e+01,6.675149433168756730e+01,-7.335982983308548455e+01
-6.944738876606076872e+01,6.676823700258434258e+01,-7.328630042645265519e+01
-6.881441553782249798e+01,6.680017527695542867e+01,-7.322140199125475135e+01
-6.831050453686209778e+01,6.683519261535316502e+01,-7.315314638109875034e+01
-6.769287228512392574e+01,6.687997113360420087e+01,-7.306614829292679758e+01
-6.698692140494733849e+01,6.692355290991923766e+01,-7.292039672742343726e+01
-6.624411433490207912e+01,6.696209748824787766e+01,-7.278130486464293369e+01
-6.529354800179748963e+01,6.699884734265201303e+01,-7.266083452007397625e+01
-6.422629480421957737e+01,6.703536453485926927e+01,-7.254755088206933067e+01
-6.497248920244786063e+01,6.707313916112215679e+01,-7.242570996918223614e+01
-6.562260653610050554e+01,6.710258338878848861e+01,-7.228836691625980393e+01
-6.609685980450436205e+01,6.713003087316251083e+01,-7.222424196879272529e+01
-6.636573714832836401e+01,6.716458127140427337e+01,-7.214532209817384967e+01
-6.637317620197221402e+01,6.721177773136096789e+01,-7.206375038238614650e+01
-6.657714597053109173e+01,6.727346963726732554e+01,-7.197587103109128748e+01
-6.762159691921426941e+01,6.735188928913360940e+01,-7.189000275054193878e+01
-6.858608390081914763e+01,6.742780885202273566e+01,-7.170783797405086091e+01
-6.947663521432032496e+01,6.748909528406052516e+01,-7.151297532851238259e+01
-7.008243142978378160e+01,6.755347279698320051e+01,-7.128992476602331863e+01
-7.041473585807260349e+01,6.763412944794336568e+01,-7.105771651620067075e+01
-7.073224743708054518e+01,6.776352987698659547e+01,-7.082448665342521110e+01
-7.107460168627343933e+01,6.789559583834774514e+01,-7.060155174352478014e+01
-7.140631942428170476e+01,6.802667147400691761e+01,-7.034307468736631108e+01
-7.173503936738921993e+01,6.815617604174084931e+01,-7.008669368959021995e+01
-7.216192490179830088e+01,6.827235929147865079e+01,-6.980901403681458817e+01
-7.254354510603450024e+01,6.837159536806811388e+01,-6.951472938714576344e+01
-7.284216584607054301e+01,6.844813628941690808e+01,-6.919936012217584675e+01
-7.314491248956461789e+01,6.850863777090008000e+01,-6.888524679131411688e+01
-7.380263984896039631e+01,6.854914221308253275e+01,-6.855251483664696366e+01
-7.445403682763611641e+01,6.858543815098101959e+01,-6.818149474596553716e+01
-7.476510023032314223e+01,6.863473395866895999e+01,-6.778172299105023058e+01
-7.446304731846818470e+01,6.869778670859501801e+01,-6.736331572889716313e+01
-7.389826035568152918e+01,6.880964769451580310e+01,-6.695368964500647735e+01
-7.438591286187927665e+01,6.891665877070572321e+01,-6.652924593098710204e+01
-7.486079998019593518e+01,6.905178526079431833e+01,-6.618029281160730193e+01
-7.342565800045298374e+01,6.919152898473568314e+01,-6.591924070782445710e+01
-7.177494857558421870e+01,6.931712242187484208e+01,-6.570328190945458857e+01
-7.351537009233618392e+01,6.951647637407677394e+01,-6.554625303552160176e+01
-7.485312242215820788e+01,6.979170164984864755e+01,-6.541214678485962963e+01
-7.588125807783029586e+01,7.004076306226217241e+01,-6.520986901055974272e+01
-7.689015227890335780e+01,7.025557518959598724e+01,-6.492242633117031403e+01
-7.782599990904250831e+01,7.048594063821909117e+01,-6.457160294551719915e+01
-7.855024302795226276e+01,7.078402611382445286e+01,-6.409128769384871305e+01
-7.918031812828401428e+01,7.110944219852477488e+01,-6.357700498678913448e+01
-7.951596063944055004e+01,7.150234057699935875e+01,-6.306249184788607209e+01
-8.005883791867186972e+01,7.189648775927724955e+01,-6.257723596871914395e+01
-8.058656177455293346e+01,7.226947353068923974e+01,-6.213918769979508738e+01
-8.097393188895637195e+01,7.263733551361856655e+01,-6.174483713487509107e+01
-8.126942734633293242e+01,7.298957954822820682e+01,-6.139878393923121536e+01
-8.163358586937383166e+01,7.336137722493948843e+01,-6.108717558138831549e+01
-8.215712268182610956e+01,7.379652923982879997e+01,-6.074971814572933226e+01
-8.245151752740341067e+01,7.433354497110629211e+01,-6.041375826538640581e+01
-8.256307263141576414e+01,7.500617924343583809e+01,-6.010518558851890702e+01
-8.264713040976656089e+01,7.574509598360307905e+01,-5.982238742960225863e+01
-8.278265466223560054e+01,7.659823921931504742e+01,-5.960929645199363591e+01
-8.300089058644866213e+01,7.753570785042492730e+01,-5.938868955679105710e+01
-8.332144746071584507e+01,7.855195816465820258e+01,-5.923552750835511915e+01
-8.367993294954396788e+01,7.960712425399356107e+01,-5.909611217746547851e+01
-8.412418801536735202e+01,8.076855065522610744e+01,-5.896195857384009287e+01
-8.464121672828083831e+01,8.202945740182370571e+01,-5.884462120731167545e+01
-8.522097456244576108e+01,8.329801126668819222e+01,-5.884093921337088062e+01
-8.581278683374885929e+01,8.457255507618992851e+01,-5.875963004871552187e+01
-8.612968347947283121e+01,8.586452770499444398e+01,-5.856720337090991535e+01
-8.617903855991707474e+01,8.707342898939636200e+01,-5.834856975450865946e+01
-8.608766671470615961e+01,8.820361990458674484e+01,-5.817084562076420440e+01
-8.571226443018032626e+01,8.912229102808163361e+01,-5.792084821295053132e+01
-8.529629599182388233e+01,8.989936492351844777e+01,-5.758271396815301557e+01
-8.488833236621266565e+01,9.040879989200794853e+01,-5.719510694481590463e+01
-8.440364268808987447e+01,9.080073140346640059e+01,-5.676553734569252185e+01
-8.383772579790984025e+01,9.119081739800628839e+01,-5.626696473434534340e+01
-8.326381617040739513e+01,9.156550559905599584e+01,-5.568884130205662331e+01
-8.264599555403943043e+01,9.192055429019242752e+01,-5.506067897350332885e+01
-8.201332243637692443e+01,9.222774973874093973e+01,-5.436220172261294437e+01
-8.145379170714424788e+01,9.234338281974766005e+01,-5.360519061326954926e+01
-8.091401243817881550e+01,9.244185449578914415e+01,-5.286007473548559688e+01
-8.042123305247231713e+01,9.228721518875551055e+01,-5.208292650246281141e+01
-7.993504557617167450e+01,9.206213004397950783e+01,-5.131639905185600981e+01
-7.954328756103517151e+01,9.170223781276256148e+01,-5.054305445311555900e+01
-7.920198590386122817e+01,9.126698481706421262e+01,-4.986373475149270718e+01
-7.890270487287733658e+01,9.069362091254342317e+01,-4.916293693072660886e+01
-7.860462274273851335e+01,9.008848829484053056e+01,-4.845571553923864627e+01
-7.831019634241201288e+01,8.939596495572683921e+01,-4.774078984368853185e+01
-7.791216292707571256e+01,8.860256034100143552e+01,-4.703881097648977772e+01
-7.739807932046767291e+01,8.772334319215509879e+01,-4.635553988549859383e+01
-7.689656672363607015e+01,8.680284566531432233e+01,-4.561862982516479548e+01
-7.656600971311212334e+01,8.587411734754336123e+01,-4.496209650171913808e+01
-7.637504068926193668e+01,8.502261290473495592e+01,-4.441242844081737218e+01
-7.624090301346105036e+01,8.419930339163703081e+01,-4.395633380309443083e+01
-7.608274522913571047e+01,8.345942218501775756e+01,-4.365583324488944328e+01
-7.574641389155692650e+01,8.281749385337903391e+01,-4.344825576792024435e+01
-7.525222116385874926e+01,8.220713668163507748e+01,-4.328187053044653965e+01
-7.459028163866534555e+01,8.171333280808643451e+01,-4.320561436699163238e+01
-7.390718416993827589e+01,8.137902688760931369e+01,-4.317028110025152898e+01
-7.322673035966394650e+01,8.114366144271939163e+01,-4.308270512482566517e+01
-7.248077074671600428e+01,8.092010841284783851e+01,-4.293438495734580584e+01
-7.168246037942675741e+01,8.062064853836831446e+01,-4.265187381325578997e+01
-7.088855424309907960e+01,8.015105599392299496e+01,-4.220797519796760611e+01
-7.010095515862417415e+01,7.965150026807688732e+01,-4.174890413754303609e+01
-6.935287458765083102e+01,7.906048453242060248e+01,-4.131574471834121454e+01
-6.861996404305669728e+01,7.839972879944545525e+01,-4.092622434761388917e+01
-6.784312573423868287e+01,7.776358755884996299e+01,-4.064028862424576261e+01
-6.720752512146090396e+01,7.725095651266580887e+01,-4.049816383108008466e+01
-6.702581377997222489e+01,7.685881824459065115e+01,-4.034099292218937904e+01
-6.721763926587939864e+01,7.659791194822081195e+01,-4.012341606824934104e+01
-6.765387374598610393e+01,7.641421997309514325e+01,-3.990617150518868073e+01
-6.808574588129175709e+01,7.623236491772073009e+01,-3.968926358517941821e+01
-6.851329929524433737e+01,7.605232841290008139e+01,-3.947269659593543167e+01
-6.837378232645734499e+01,7.569340880023429463e+01,-3.927155743412582467e+01
-6.789183115202321517e+01,7.526274230709316271e+01,-3.911123747865319444e+01
-6.735272214691894987e+01,7.482727821058053053e+01,-3.899289146412520779e+01
-6.697383878493522502e+01,7.446917031709608636e+01,-3.888378617133680137e+01
-6.686962070899525656e+01,7.415463630903919068e+01,-3.876131131663654372e+01
-6.703323025995392470e+01,7.388251201898211207e+01,-3.863240200770407284e+01
-6.729153811630236248e+01,7.363873118431109788e+01,-3.848881918989977180e+01
-6.764060360158075014e+01,7.339631689402546044e+01,-3.831582426664149210e+01
-6.798679340765521317e+01,7.311958682736366200e+01,-3.812615833511963359e+01
-6.827599189174468108e+01,7.271478138777592903e+01,-3.791417884716496189e+01
-6.857237659628944471e+01,7.221404994559370039e+01,-3.767550803358913925e+01
-6.874442286528946511e+01,7.168803571890690307e+01,-3.740878864259905612e+01
-6.886876358437520196e+01,7.118379502377963775e+01,-3.710779188270017670e+01
-6.901260616655133617e+01,7.071753230216832264e+01,-3.680549527295061552e+01
-6.883430933592023848e+01,7.034361576527903992e+01,-3.663083774008985927e+01
-6.861862551063543947e+01,7.001880117241385904e+01,-3.665134545238736052e+01
-6.829322108593727592e+01,6.969515411195952481e+01,-3.674001093355246894e+01
-6.814947546746680018e+01,6.943871156103583075e+01,-3.681135547021235510e+01
-6.822075205974665835e+01,6.929499451544268140e+01,-3.690877631045385954e+01
-6.826607376154531437e+01,6.923864548646341177e+01,-3.696033860166767226e+01
-6.786195991707627684e+01,6.921871327465534307e+01,-3.695801371225193321e+01
-6.705022257783380724e+01,6.918026039385014769e+01,-3.696976984735167093e+01
-6.640592291342942133e+01,6.912371263612966743e+01,-3.699491469726919490e+01
-6.613845989404457271e+01,6.901851323273376693e+01,-3.703328952499423110e+01
-6.589645220232846157e+01,6.889172992917660565e+01,-3.702827302252720187e+01
-6.577147080422213321e+01,6.875482797738499130e+01,-3.705047950101684506e+01
-6.628296089540346259e+01,6.864040171565385151e+01,-3.708375519487199767e+01
-6.701791283805791011e+01,6.859939302020453056e+01,-3.712619366609975913e+01
-6.777757134512725656e+01,6.857480114970901752e+01,-3.715737459542805254e+01
-6.849059104846297430e+01,6.855906779595186151e+01,-3.719169016013403706e+01
-6.916080471350382197e+01,6.854183100993098776e+01,-3.717901591580373122e+01
-6.953453444059381638e+01,6.856259771319160734e+01,-3.711789805636347239e+01
-6.956368289189302345e+01,6.859915319469972417e+01,-3.704218169196129651e+01
-6.934879034554523969e+01,6.864836080254866602e+01,-3.695393124152996478e+01
-6.813086107471376351e+01,6.869518606401038596e+01,-3.687278065705260843e+01
-6.661679409738427182e+01,6.873292618841814772e+01,-3.682345819095054651e+01
-6.808845955049318377e+01,6.874284396495777116e+01,-3.675028349897490187e+01
-6.939897478351220172e+01,6.873705821321668452e+01,-3.665276383837111496e+01
-7.032252647905471576e+01,6.873411161921364965e+01,-3.653014395034537642e+01
-7.100631901474358187e+01,6.873976546762654039e+01,-3.639964637891043964e+01
-7.148685596786548047e+01,6.876884956587720410e+01,-3.626642676635517404e+01
-7.192514467468284067e+01,6.885016818799590510e+01,-3.600099436823828114e+01
-7.208789311429089253e+01,6.896865578009251863e+01,-3.573014493644750900e+01
-7.142419623999478517e+01,6.912709175982838872e+01,-3.547065653473790547e+01
-7.069059782724552576e+01,6.929160805213459184e+01,-3.522768336303802528e+01
-6.982251355227181477e+01,6.944479810893653848e+01,-3.501587424453586550e+01
-6.918368827493989670e+01,6.955998172727431950e+01,-3.482998183383048030e+01
-6.862880948207343579e+01,6.965515946933615510e+01,-3.463846917168814343e+01
-6.830822249307736627e+01,6.975457519370273474e+01,-3.445558922728144324e+01
-6.823898071605340476e+01,6.987922898800211158e+01,-3.428522036924514538e+01
-6.833828288360444958e+01,7.001426330088000327e+01,-3.411600853568043590e+01
-6.866249631004966147e+01,7.013904825794899978e+01,-3.394316850771637917e+01
-6.897423158041600288e+01,7.026470812050833104e+01,-3.370623300112200837e+01
-6.923090989247209848e+01,7.039557181864481095e+01,-3.342985770824543579e+01
-6.950687267244454404e+01,7.052869174432241550e+01,-3.313064479325927891e+01
-6.974224073105222033e+01,7.067083722381516964e+01,-3.279704340264946438e+01
-7.003461871599107269e+01,7.080108915257555680e+01,-3.244074733124201515e+01
-7.038805563940707088e+01,7.092250736716667348e+01,-3.207111875356289232e+01
-7.072901714543986884e+01,7.102369653862164967e+01,-3.166458945461775443e+01
-7.098432589955180561e+01,7.111715161190399215e+01,-3.122935272416448171e+01
-7.107416382840146696e+01,7.120681069674277808e+01,-3.078727430826515743e+01
-7.103879945107338756e+01,7.127309093741237689e+01,-3.033840805775912486e+01
-7.117510597144432438e+01,7.132413662495588369e+01,-2.989458145316119086e+01
-7.151252128181135959e+01,7.134993600878640052e+01,-2.947730113508777450e+01
-7.179928285895624640e+01,7.134729610133763344e+01,-2.898756748866635036e+01
-7.183929938278193106e+01,7.137142192519692685e+01,-2.847839664153857697e+01
-7.188960465352077733e+01,7.144124765118128551e+01,-2.796278529259936718e+01
-7.259741946109080857e+01,7.158308248723299982e+01,-2.743558411552682941e+01
-7.372508277654492304e+01,7.177737539833680103e+01,-2.691038346172297935e+01
-7.544605960277810652e+01,7.199216653000617328e+01,-2.637176532417868557e+01
-7.725161289681622634e+01,7.226723381120281431e+01,-2.583964998778846223e+01
-7.915528892588125132e+01,7.260815458549930668e+01,-2.531318053770335652e+01
-8.084360888840890880e+01,7.297923776304452304e+01,-2.475092648894170821e+01
-8.225866466244323760e+01,7.327691558768721336e+01,-2.413613384471967649e+01
-8.342380769417859199e+01,7.354485449198298852e+01,-2.346129927817959882e+01
-8.436216048432677894e+01,7.377945918425162120e+01,-2.255765668542788660e+01
-8.506170860897229602e+01,7.400828837498991675e+01,-2.164794631416701876e+01
-8.575426125237136432e+01,7.423482927382082153e+01,-2.073309271563352496e+01
-8.618761295213866447e+01,7.450705678857796954e+01,-1.965992605816126115e+01
-8.631906405496272328e+01,7.478847977280055659e+01,-1.858289204275243733e+01
-8.642054124586395858e+01,7.509009599533359847e+01,-1.754504962461347262e+01
-8.697559136390395906e+01,7.537093963026136123e+01,-1.655206416497686206e+01
-8.746338736996608532e+01,7.562408908318072065e+01,-1.560240833866420473e+01
-8.788715044956673239e+01,7.583814112307968003e+01,-1.469587126108119080e+01
-8.827254290395107716e+01,7.602361913653237480e+01,-1.380801920192508803e+01
-8.868029212291260421e+01,7.620967209660823016e+01,-1.294063697632327070e+01
-8.907293991930438892e+01,7.641510279586194088e+01,-1.209369319107859830e+01
-8.942802085138845314e+01,7.665055409854986124e+01,-1.125895894489216253e+01
-8.967750737379569159e+01,7.698597455596197392e+01,-1.047757474863273330e+01
-8.996268535664223975e+01,7.733794027402875315e+01,-9.709156487307730288e+00
-9.026597897461378750e+01,7.772169393600002252e+01,-8.954220199007572489e+00
-9.049520852358192258e+01,7.811674792770227782e+01,-8.208391189951354860e+00
-9.067762061365245074e+01,7.858129127645490541e+01,-7.505980801799617019e+00
-9.084055416496968860e+01,7.913052838133478417e+01,-6.839794162344385420e+00
-9.096990110450573752e+01,7.972373761326294073e+01,-6.025498453169573665e+00
-9.114863150738474928e+01,8.040346463484716821e+01,-5.293204363149818903e+00
-9.137561803963971840e+01,8.110975667515205600e+01,-4.598970227341666828e+00
-9.167408680052315617e+01,8.183363538930549907e+01,-4.006715782006635251e+00
-9.192831997514062436e+01,8.254241856472538075e+01,-3.516974669360150241e+00
-9.228332888711128135e+01,8.326371462264265233e+01,-3.204493573603288237e+00
-9.263874537001497345e+01,8.407374491166582686e+01,-2.917368470512074818e+00
-9.291964199433330407e+01,8.497925121613864974e+01,-2.572102759219418999e+00
-9.322077654130272606e+01,8.601370666182107527e+01,-2.087870120240694849e+00
-9.347018658464565988e+01,8.717782399379791514e+01,-1.443406919727815430e+00
-9.364979094812372296e+01,8.836401006626670096e+01,-6.739361012152982333e-01
-9.373259343749288064e+01,8.948409383568674969e+01,1.410482842121298652e-01
-9.351156713860129344e+01,9.045574721257825956e+01,9.326330370751299004e-01
-9.294489830818346832e+01,9.117782760732463032e+01,1.675251095487678921e+00
-9.245397722999972245e+01,9.179377477750321646e+01,2.450196033365064530e+00
-9.211445388134107759e+01,9.225820329619112670e+01,3.300331629523632682e+00
-9.179388188856145803e+01,9.257600553847615288e+01,4.188202539871355157e+00
-9.140148155413181996e+01,9.270511878154245267e+01,5.068847417046695725e+00
-9.091300976717114679e+01,9.267894160510452650e+01,5.954751410792948896e+00
-9.040953891759352246e+01,9.250134323218502175e+01,6.821275110036659761e+00
-8.986059998317999487e+01,9.227538285705966814e+01,7.663595320350752083e+00
-8.937054154743705681e+01,9.200531611388889530e+01,8.468121609116209925e+00
-8.895219197504911790e+01,9.163986329497498673e+01,9.231391781961137966e+00
-8.852695474313647139e+01,9.122000990917425156e+01,1.013048086229214739e+01
-8.807883410083807973e+01,9.073745608616756897e+01,1.099470860770919778e+01
-8.763300605230419649e+01,9.022700132232861847e+01,1.184269557812894114e+01
-8.716571106252845880e+01,8.970261978224391441e+01,1.269606749117322586e+01
-8.672475891343805188e+01,8.919732292278321495e+01,1.358192794192948938e+01
-8.628070312652154428e+01,8.869955575878628906e+01,1.447894081125169841e+01
-8.581132827612266567e+01,8.820273107622573150e+01,1.523699663961978956e+01
-8.532515856011441713e+01,8.768635667216030072e+01,1.597174060206103618e+01
-8.478743877214540703e+01,8.718726069304784687e+01,1.665766154805932331e+01
-8.422962344094909781e+01,8.673520536093985811e+01,1.727009611677232570e+01
-8.368183558980710757e+01,8.629154833735098862e+01,1.781886601485755861e+01
-8.311690581252527465e+01,8.592007787108147454e+01,1.832635580783354712e+01
-8.249152196693634664e+01,8.561294142837350307e+01,1.878922965847133142e+01
-8.182432137044915521e+01,8.544710092111236577e+01,1.917841924081151816e+01
-8.109876179877490188e+01,8.542232530960275483e+01,1.949200692448234307e+01
-8.033346720057609502e+01,8.552639738521493484e+01,1.971667678647533961e+01
-7.965441177385365279e+01,8.570786433660153136e+01,1.990825908728329452e+01
-7.918267270644285816e+01,8.596279782332123887e+01,2.009297254365459651e+01
-7.863274900111748877e+01,8.616634414759782601e+01,2.032276763036580292e+01
-7.803076931820000084e+01,8.629181479748770300e+01,2.066137955901155721e+01
-7.733629219145852574e+01,8.637505908086883721e+01,2.106713800192577679e+01
-7.642577292814308976e+01,8.629382753213052126e+01,2.158224530491575877e+01
-7.551118730065341822e+01,8.612751434726231992e+01,2.204465131066747574e+01
-7.474937768241029801e+01,8.577959157347663677e+01,2.259073812760039601e+01
-7.401985490034130066e+01,8.536234826301932799e+01,2.308996278254247869e+01
-7.327428770022808635e+01,8.480270947221804079e+01,2.346569242252234488e+01
-7.242563349561555697e+01,8.401212668101108250e+01,2.373048901266966837e+01
-7.169147293908105212e+01,8.305848637714602489e+01,2.393480051943555154e+01
-7.126293751132357102e+01,8.207060512560354937e+01,2.415098918849130882e+01
-7.093356729343250322e+01,8.110032883591264863e+01,2.437177095607324873e+01
-7.050827479355655214e+01,8.029777632823531519e+01,2.463915174421638810e+01
-6.997738005299889608e+01,7.978840933823347825e+01,2.480642557890032407e+01
-6.920594304799273289e+01,7.945276748880563389e+01,2.476923509990506389e+01
-6.812960789635542369e+01,7.925195575687372695e+01,2.454402923780219581e+01
-6.746487897749314300e+01,7.918654524509655346e+01,2.461741523179659907e+01
-6.727449722743601512e+01,7.910657533226000737e+01,2.465178902061692412e+01
-6.738084589439087324e+01,7.889004187481599217e+01,2.467926836637815313e+01
-6.743603366245939412e+01,7.858595837499952097e+01,2.473598891285904244e+01
-6.738578868357282659e+01,7.822403820052792867e+01,2.488727180709514286e+01
-6.727303565762154847e+01,7.783602953947723790e+01,2.499787701540002161e+01
-6.710992428680498278e+01,7.746043894773275440e+01,2.515351762300760896e+01
-6.691055230555768674e+01,7.706693617942177355e+01,2.523033046402979807e+01
-6.670886985815839409e+01,7.667461752156033583e+01,2.524070418860037890e+01
-6.674692645409098191e+01,7.623866193955164761e+01,2.515752255814630800e+01
-6.692993732020478603e+01,7.578292928394500905e+01,2.504373119506863077e+01
-6.710038533832442909e+01,7.534731042619239361e+01,2.469502383419379754e+01
-6.720801226172206100e+01,7.495383937834323262e+01,2.441497651735362595e+01
-6.726711115395291074e+01,7.458951408985447529e+01,2.413445415335829125e+01
-6.748674333010741577e+01,7.427813630856412885e+01,2.385608792137303524e+01
-6.766926309053566513e+01,7.399767675910450748e+01,2.360939138707554008e+01
-6.776432328960892448e+01,7.371534506744440307e+01,2.334079821694386681e+01
-6.779355063539108528e+01,7.342021467150611613e+01,2.294756098561105873e+01
-6.784183429172021818e+01,7.317285141106273727e+01,2.255397598235466461e+01
-6.793878705637075655e+01,7.294789470270816878e+01,2.217316462650067521e+01
-6.797138489584318677e+01,7.273386736834991950e+01,2.179745108908151607e+01
-6.791666444760747368e+01,7.253355717863715313e+01,2.142021793739386837e+01
-6.791545512952978925e+01,7.234958839481058135e+01,2.106838894905644111e+01
-6.817329043323384496e+01,7.211082378398953097e+01,2.154604106332338276e+01
-6.868756032251675947e+01,7.186491653982490391e+01,2.205788395614239406e+01
-6.947674746371259857e+01,7.163552917379458052e+01,2.261512907893818181e+01
-7.018600776777329031e+01,7.145419194814851949e+01,2.316399478791388589e+01
-7.049193923548926932e+01,7.132887258269173003e+01,2.370662139483424014e+01
-7.046084096222449489e+01,7.129171382864062423e+01,2.423315772655397282e+01
-7.024358900731094479e+01,7.137342829077962847e+01,2.475664444136229037e+01
-6.989165254105841996e+01,7.147816754016494656e+01,2.526548997304172417e+01
-6.941262340480813009e+01,7.149958129240209814e+01,2.570794242244373606e+01
-6.877391832646881653e+01,7.144653600639317403e+01,2.609687365743898013e+01
-6.816796735830007492e+01,7.126266859829732425e+01,2.642584205548037346e+01
-6.770043391077339834e+01,7.106485016587821235e+01,2.716655846933416640e+01
-6.778090856035466061e+01,7.088637267939343189e+01,2.791101955749973484e+01
-6.798700642896065460e+01,7.073862258544687620e+01,2.865620023004512973e+01
-6.821757177450577103e+01,7.062422932660771835e+01,2.937319574504595820e+01
-6.850099820032832554e+01,7.051412229247529240e+01,3.005651208041106770e+01
-6.884982507264034268e+01,7.041835105840050346e+01,3.073253409261213775e+01
-6.924565929403543407e+01,7.038526483713447135e+01,3.191081978548016451e+01
-6.920072597622024091e+01,7.041067613949465454e+01,3.309588821876717901e+01
-6.897235013318886843e+01,7.043980184498549590e+01,3.427904912909360036e+01
-6.866085230726723410e+01,7.045599776211480503e+01,3.545674082730893417e+01
-6.840655564785329545e+01,7.047071804188767885e+01,3.665442519998529747e+01
-6.814062825811586777e+01,7.048939922306429651e+01,3.784963036208834097e+01
-6.767694406042265598e+01,7.052085893825491780e+01,3.921073638906878500e+01
-6.723671807661372668e+01,7.056177291344455682e+01,4.061766941116582785e+01
-6.688723500256801913e+01,7.059891350228235751e+01,4.205150477952512489e+01
-6.662745860670976583e+01,7.062829544861911302e+01,4.348639768046277965e+01
-6.637352539446438016e+01,7.066886441506422045e+01,4.491870777673862847e+01
-6.603561164587060262e+01,7.072400594939902874e+01,4.276733784109518410e+01
-6.564178904251539848e+01,7.081554339796835507e+01,4.305930788563406253e+01
-6.525707581097215382e+01,7.091271347337149678e+01,4.329632662318223879e+01
-6.501309336301839892e+01,7.099598930748497594e+01,4.349784615521651432e+01
-6.475947363865637385e+01,7.104568763096050077e+01,4.366504967482431709e+01
-6.463377497730115806e+01,7.108813137128456106e+01,4.381976971981642777e+01
-6.466499331344361678e+01,7.113577416385571439e+01,4.190918138197407927e+01
-6.488972720474420441e+01,7.121196542201236923e+01,4.003397298718756758e+01
-6.511386995095287489e+01,7.131714994596494250e+01,3.816253646998816862e+01
-6.528256681824967700e+01,7.142390051214783853e+01,3.629103916795953921e+01
-6.534893615836682557e+01,7.151928499707857156e+01,3.443553375059886434e+01
-6.522703191663637767e+01,7.160841461834823463e+01,3.260638976296104374e+01
-6.485650185810719393e+01,7.169067875964783809e+01,3.080730203435589232e+01
-6.446447473008011286e+01,7.174602063569416543e+01,2.903247390856588339e+01
-6.442564680486503903e+01,7.175934551790881244e+01,2.727153536426292746e+01
-6.447202430680678731e+01,7.174683787919276767e+01,2.552451471334022415e+01
-6.451447057847001076e+01,7.169690596181392550e+01,2.378710312452846409e+01
-6.478052198943345275e+01,7.164628976301540320e+01,2.207031637310934613e+01
-6.502380787888047564e+01,7.160064786652294799e+01,2.038546253924857865e+01
-6.507838843187852262e+01,7.153379993503767764e+01,1.872589806280777580e+01
-6.503884146663915544e+01,7.146728020217466337e+01,1.707854907998202876e+01
-6.503416696309736267e+01,7.140112893183226106e+01,1.547144396621872886e+01
-6.560093405954667389e+01,7.132989838542872008e+01,1.388264465554422777e+01
-6.594172278836471435e+01,7.130893049617293400e+01,1.234358161438893120e+01
-6.577842097980337144e+01,7.132659389471712075e+01,1.087016969229438779e+01
-6.506372515846939564e+01,7.127506655576962658e+01,9.402566798240824752e+00
-6.402258207022796910e+01,7.116357532286595244e+01,7.930537748165967571e+00
-6.247007680528848539e+01,7.108771830353065013e+01,6.499207004097739215e+00
-6.417053241997489010e+01,7.114986170860787240e+01,5.019073054849080506e+00
-6.559254001500779907e+01,7.137079398730872981e+01,3.432113791453964335e+00
-6.669061009554386033e+01,7.165492303214942638e+01,1.801380210574925478e+00
-6.763882355632563304e+01,7.191355554887799428e+01,1.820771845125170596e-01
-6.830700270402371643e+01,7.212079798048607415e+01,-1.369797911167562221e+00
-6.799863175048824360e+01,7.233748053166065972e+01,-2.881650166144164249e+00
-6.738452899445577771e+01,7.253479998647625848e+01,-4.375328554355927047e+00
-6.675168848504910102e+01,7.276441425139621799e+01,-5.797050542774131010e+00
-6.737278703265810975e+01,7.298857423661573307e+01,-7.246275092679332452e+00
-6.787534670616201993e+01,7.318428050939088791e+01,-8.681060089982420180e+00
-6.829695676400760362e+01,7.344844120700108192e+01,-1.005048756398936405e+01
-6.872287682011653942e+01,7.382510919897717372e+01,-1.138468029331546560e+01
-6.908044868740222455e+01,7.430252454119579397e+01,-1.272146161854787216e+01
-6.931367537334513429e+01,7.481317565009598525e+01,-1.397779996245519918e+01
-6.950740870681778460e+01,7.534822679063103124e+01,-1.527965091847128498e+01
-6.971876768645746836e+01,7.585731482068234754e+01,-1.666036675139247691e+01
-6.986615805167589599e+01,7.636167153806724173e+01,-1.812014574695795943e+01
-6.998569180001956624e+01,7.694578538487444064e+01,-1.970301650542468863e+01
-7.022115773340067335e+01,7.757017728499661757e+01,-2.139573886811556136e+01
-7.050049946182005556e+01,7.837946358997685081e+01,-2.314523062775943174e+01
-7.087501932892985224e+01,7.939213929491138799e+01,-2.487270705244119995e+01
-7.131782572744553761e+01,8.055429898241310127e+01,-2.646357659804364459e+01
-7.178817814944665088e+01,8.178806971442254792e+01,-2.791687048768576318e+01
-7.211525611396962177e+01,8.302343675032157932e+01,-2.931070633222244837e+01
-7.256401477719744264e+01,8.427898910055922954e+01,-3.057485790434497019e+01
-7.328951042062951160e+01,8.549616902248618544e+01,-3.185305135264639276e+01
-7.417436577526582653e+01,8.669554925584800742e+01,-3.309761190874836245e+01
-7.493437632038639151e+01,8.794212444683857655e+01,-3.425041930050922900e+01
-7.510607761584508069e+01,8.913927965368927175e+01,-3.539609441075612750e+01
-7.483213433828234429e+01,9.005938279605959451e+01,-3.648331881082847872e+01
-7.424969123118304992e+01,9.090741569762899132e+01,-3.770818144678020190e+01
-7.354221389664201070e+01,9.179036376345206349e+01,-3.895838254711763682e+01
-7.268586090014127876e+01,9.256122689846564811e+01,-4.025677728807883682e+01
-7.188179460985669778e+01,9.302578580979623268e+01,-4.155270951023534565e+01
-7.150760187261991518e+01,9.320406650844884666e+01,-4.270369132322792183e+01
-7.141285423529350851e+01,9.327188045919639592e+01,-4.371662304517868591e+01
-7.130598034716562950e+01,9.324362549359452146e+01,-4.458768505225308587e+01
-7.097475383753754841e+01,9.329575183224366697e+01,-4.525356402979834769e+01
-7.055496787599949471e+01,9.336650017375211519e+01,-4.582158831925747933e+01
-7.019770021247923353e+01,9.334751453157895185e+01,-4.621988823573443028e+01
-6.987860167606365280e+01,9.318833693007273666e+01,-4.651662508681867081e+01
-6.957937814781064390e+01,9.295574469775834814e+01,-4.678647266645280922e+01
-6.936095427732875862e+01,9.264347723911612320e+01,-4.703200304287197753e+01
-6.912108819040966523e+01,9.230209381804964153e+01,-4.725217167698468756e+01
-6.882844359616815666e+01,9.191015836614687373e+01,-4.743094950816746547e+01
-6.858055668715824993e+01,9.138591900071902785e+01,-4.756319693421581007e+01
-6.829918667144333710e+01,9.077074861871237488e+01,-4.764869112181282418e+01
-6.796136944364143062e+01,9.014168264471031478e+01,-4.773116427750983348e+01
-6.753925999945724357e+01,8.920497091864329775e+01,-4.774679100430470413e+01
-6.700669038508144126e+01,8.817547268967138052e+01,-4.779957847301404428e+01
-6.636720044380787442e+01,8.698864227072024846e+01,-4.797599089764155167e+01
-6.572709472212946480e+01,8.571548687369174502e+01,-4.825407537288789683e+01
-6.512071636503942784e+01,8.432667010011753916e+01,-4.863551774811988793e+01
-6.449932357859805165e+01,8.294005851106913951e+01,-4.906464754861690380e+01
-6.398779862436777677e+01,8.169349316729889665e+01,-4.968193174488138908e+01
-6.360187379452579393e+01,8.064412538681960996e+01,-5.057529982897028731e+01
-6.323388093249891284e+01,7.971355832653658524e+01,-5.156127760474084454e+01
-6.290752001776942137e+01,7.902194021700289284e+01,-5.257688457385084746e+01
-6.257028143460093617e+01,7.849694143602482654e+01,-5.356481277367578997e+01
-6.231631566412767853e+01,7.809314988696678483e+01,-5.448502602281581630e+01
-6.203963855246342973e+01,7.770620604909352380e+01,-5.523679886797795291e+01
-6.138608612899093941e+01,7.726977424384561743e+01,-5.567333969415596329e+01
-6.075597581301185812e+01,7.689425895832272317e+01,-5.608055355856777169e+01
-6.039268750625289073e+01,7.653650850858966237e+01,-5.655405955724135225e+01
-5.999612841872419722e+01,7.626381956986185173e+01,-5.686368213775700298e+01
-5.963101891281787914e+01,7.610761534958250252e+01,-5.709531770867530298e+01
-6.012774270269856203e+01,7.610244333069485378e+01,-5.737905721849808316e+01
-6.124668982358706870e+01,7.580375549677630431e+01,-5.777094726005077518e+01
-6.123938728470736237e+01,7.539227109028446705e+01,-5.820303928585894226e+01
-6.083380153279117764e+01,7.497516429512327818e+01,-5.865330324965510300e+01
-6.037127237521335843e+01,7.453412345454131582e+01,-5.925775172429472093e+01
-6.020013943298422276e+01,7.410334097452560798e+01,-5.989167106542595320e+01
-6.049891288715679849e+01,7.368598306605919390e+01,-6.054748980570866479e+01
-6.107924342050253586e+01,7.330741521978998776e+01,-6.117543911589969952e+01
-6.171409243186882065e+01,7.293146704055196494e+01,-6.181094560570731034e+01
-6.221374126838195195e+01,7.257511871290239469e+01,-6.247568409688983593e+01
-6.248150417283549984e+01,7.228596681690203241e+01,-6.311801558723249883e+01
-6.269690703528091547e+01,7.203131741000690624e+01,-6.376025134069847411e+01
-6.284883180729791974e+01,7.179435576547895437e+01,-6.442776220065331927e+01
-6.294804199574944192e+01,7.153188477925868938e+01,-6.512820026394625472e+01
-6.297649858066415618e+01,7.125160677985103064e+01,-6.585013714925347017e+01
-6.293254396093932712e+01,7.095686040595444410e+01,-6.661243790024586531e+01
-6.284099603134169598e+01,7.066168364271585745e+01,-6.737275120682124907e+01
-6.278422502715430653e+01,7.040149225054959459e+01,-6.812815931331523700e+01
-6.288259402624306205e+01,7.020193402326295029e+01,-6.888004064738868237e+01
-6.309483111118561283e+01,7.001841328335271442e+01,-6.964416354594867187e+01
-6.332918973528454387e+01,6.982208709915028066e+01,-7.042073779175075288e+01
-6.358837464209496915e+01,6.958278174293710094e+01,-7.113915162214054533e+01
-6.386448830858443415e+01,6.934966866239929573e+01,-7.186540400146776619e+01
-6.409131069644588763e+01,6.915038720383687121e+01,-7.259677175250357095e+01
-6.409211407303885721e+01,6.906179119019837742e+01,-7.334831963695945944e+01
-6.407803388334309602e+01,6.902795966604105615e+01,-7.411738413429219463e+01
-6.430829328587860516e+01,6.905174420105710453e+01,-7.485699726350092931e+01
-6.465789275248951640e+01,6.911788661665522682e+01,-7.555369027411133231e+01
-6.527720973720842323e+01,6.927668452938577559e+01,-7.617156622716126435e+01
-6.570398062281854834e+01,6.948324894806337682e+01,-7.677085496822526522e+01
-6.504381073389617995e+01,6.964769562610824494e+01,-7.742975024015728991e+01
-6.393636827961236690e+01,6.977674674164369151e+01,-7.811361922505626865e+01
-6.312443717553151146e+01,6.989952715139440897e+01,-7.890145879953422536e+01
-6.230344576566496784e+01,7.002838444929788864e+01,-7.974091030376871458e+01
-6.139110057979263502e+01,7.017917024064101383e+01,-8.056099881595298484e+01
-6.109217704462560050e+01,7.034873460341071905e+01,-8.131948807527373901e+01
-6.084741905604538204e+01,7.051846592324557150e+01,-8.203001656148782672e+01
-6.093298837443859384e+01,7.072472445925598095e+01,-8.265091794155178206e+01
-6.212383623073688454e+01,7.088566554604621217e+01,-8.329320636181456905e+01
-6.362615599979456249e+01,7.096188489779062536e+01,-8.391752332999368491e+01
-6.501084211359727760e+01,7.094617415729949528e+01,-8.451888999054315832e+01
-6.611295937420372582e+01,7.088739844165060333e+01,-8.507987150491142359e+01
-6.729948842141293142e+01,7.080147473884767351e+01,-8.561592140749277746e+01
-6.860416699628603965e+01,7.071595558177976670e+01,-8.615933239786362208e+01
-7.010205989301753959e+01,7.061671636672552665e+01,-8.657640643522435653e+01
-6.859711538673927578e+01,7.053519632936803418e+01,-8.695890781773299238e+01
-6.902008165422418529e+01,7.049362750651998510e+01,-8.733368621609169224e+01
-6.943881825903423533e+01,7.045247437190040785e+01,-8.770919511569978511e+01
-6.957287660540306717e+01,7.043306043717943510e+01,-8.807096929495931192e+01
-6.946991586972458776e+01,7.041971936423684042e+01,-8.842085458508103102e+01
-6.923723607452582485e+01,7.041265118094112552e+01,-8.875240689765432478e+01
-6.903265995267389599e+01,7.043084621946039192e+01,-8.907763816094384879e+01
-6.883250586266515825e+01,7.046798540174538061e+01,-8.939538897169150289e+01
-6.859575670557924809e+01,7.050685329455157557e+01,-8.970852410804980082e+01
-6.828758707096635305e+01,7.052128236471767764e+01,-9.001555537304675170e+01
-6.760824586127948521e+01,7.053624974473842713e+01,-9.031736291290567920e+01
-6.675381873666839283e+01,7.054905537152598072e+01,-9.071877161665028666e+01
-6.626276738329714533e+01,7.055026261576841762e+01,-9.112170118473154901e+01
-6.590321778683045295e+01,7.050768304942357645e+01,-9.153271504844444451e+01
-6.571604765152248717e+01,7.045701632570956008e+01,-9.195000049823538291e+01
-6.576085962248107819e+01,7.041526890797854321e+01,-9.236374341939524868e+01
-6.619066808454093120e+01,7.038600449040583840e+01,-9.274559223802981478e+01
-6.667667337020958485e+01,7.039815714815846093e+01,-9.301767179202738589e+01
-6.697535299819257659e+01,7.042684107955454920e+01,-9.323572700747439512e+01
-6.690552900624719257e+01,7.043468906472432423e+01,-9.343646703648695961e+01
-6.668998738189191045e+01,7.043691181377378996e+01,-9.364829209749230188e+01
-6.645017290693786549e+01,7.044421111335161356e+01,-9.388549755659381901e+01
-6.639674237619286146e+01,7.045357488944326008e+01,-9.413345611494770537e+01
-6.644512136891148657e+01,7.049207310517552116e+01,-9.441306030133269189e+01
-6.688836591685300448e+01,7.061066031766871731e+01,-9.470855905613598225e+01
-6.737886244788192869e+01,7.076917145026600053e+01,-9.499378155107972077e+01
-6.801463370730166957e+01,7.093570411954350163e+01,-9.528748942022629365e+01
-6.964514321893469173e+01,7.109280908135941957e+01,-9.560176756876717263e+01
-7.135963466701535651e+01,7.123306474893693974e+01,-9.586599527132383969e+01
-7.320834374683506951e+01,7.142381934559723788e+01,-9.617146386669392655e+01
-7.493880424121383044e+01,7.168945547785811812e+01,-9.653689669210227464e+01
-7.630147210826797277e+01,7.189829943094059672e+01,-9.692583908345025634e+01
-7.738281607419273200e+01,7.206300816082813299e+01,-9.730241677165608394e+01
-7.829383922959533493e+01,7.219728090752518312e+01,-9.761493810290711792e+01
-7.899412219241509092e+01,7.237864278681227859e+01,-9.784317369097755090e+01
-7.966648658229412661e+01,7.259612926064471594e+01,-9.802573365736175504e+01
-8.025485016640142533e+01,7.287211392213670536e+01,-9.816821972988027767e+01
-8.094255757497289494e+01,7.316774801701249942e+01,-9.831970328084285882e+01
-8.170882009387915446e+01,7.346803681878689929e+01,-9.848601862010887942e+01
-8.240110094253616069e+01,7.377720948214947327e+01,-9.866223321417741943e+01
-8.298010921789551730e+01,7.413680747737194565e+01,-9.869760156524002070e+01
-8.339097622078695338e+01,7.453845832798864990e+01,-9.874447777390008696e+01
-8.370079519002936763e+01,7.495217308814103774e+01,-9.880818158634851045e+01
-8.389459485952957607e+01,7.538148021621123007e+01,-9.893240660474660331e+01
-8.404409803175869342e+01,7.581654449700624809e+01,-9.914014990663615379e+01
-8.414095876738065272e+01,7.624315670656400812e+01,-9.948545677897848805e+01
-8.418667322698917133e+01,7.665160444674160090e+01,-9.995212643751274584e+01
-8.427075162954169230e+01,7.707829006907820713e+01,-1.004973190446927731e+02
-8.439471711805308018e+01,7.751985766438761516e+01,-1.010505089606897116e+02
-8.445861477119694882e+01,7.801450018810834308e+01,-1.015513131047559199e+02
-8.455829940967382186e+01,7.859182480642829205e+01,-1.020362081149238378e+02
-8.468707595096040563e+01,7.921565917925165934e+01,-1.024530053753417889e+02
-8.492758285609356506e+01,7.991366351130277224e+01,-1.029748152878413379e+02
-8.523944434238373447e+01,8.064763447884098468e+01,-1.035694113353992662e+02
-8.563822483649047967e+01,8.145177496609262846e+01,-1.041838179976875409e+02
-8.614580308952635335e+01,8.239783350969018727e+01,-1.046962496875478905e+02
-8.671005244742889317e+01,8.342891021948705088e+01,-1.051103230016048400e+02
-8.725628886035333664e+01,8.460423743274367325e+01,-1.052895753475909260e+02
-8.766308762890841422e+01,8.588545937295387489e+01,-1.054366263618304487e+02
-8.779184682009250196e+01,8.722454450034295803e+01,-1.055658471246178607e+02
-8.786397752907450354e+01,8.855021001069586362e+01,-1.056679319365613452e+02
-8.768267633154246710e+01,8.986291864110133076e+01,-1.056467358617107379e+02
-8.696853688274630656e+01,9.103883091561820606e+01,-1.054498796799717439e+02
-8.620892856353158606e+01,9.205110628646275472e+01,-1.052551259216708957e+02
-8.553421515292794197e+01,9.279270003753823914e+01,-1.049105672359408175e+02
-8.503906513839295656e+01,9.332295579208599179e+01,-1.043983327712836910e+02
-8.459999750381147976e+01,9.371716954877371109e+01,-1.037952072225238425e+02
-8.410586059698860595e+01,9.395049461161995907e+01,-1.031714275322861027e+02
-8.354761001620158822e+01,9.406519218451484221e+01,-1.024929461404399831e+02
-8.299952146749095050e+01,9.402728305096846384e+01,-1.018541864636626713e+02
-8.256246483618799914e+01,9.386583883885522539e+01,-1.012479240294235296e+02
-8.218673102882013382e+01,9.362392751844744510e+01,-1.006679140904748095e+02
-8.190031957651579830e+01,9.325443414123505192e+01,-1.001332775966627935e+02
-8.162121178569888968e+01,9.282011092843777078e+01,-9.970717651664419634e+01
-8.128944681041865294e+01,9.239937186229406052e+01,-9.929357818502850819e+01
-8.087957037440092734e+01,9.199691668342934747e+01,-9.887562780265182028e+01
-8.050169053621384307e+01,9.159628118264249963e+01,-9.841672334526587917e+01
-8.013237532439119093e+01,9.120089853333163887e+01,-9.793904291413313956e+01
-7.973786593938420708e+01,9.080783439021791992e+01,-9.743022422018788120e+01
-7.931846555964818890e+01,9.042146658094539191e+01,-9.698508752968274393e+01
-7.898934679702651351e+01,9.002322668635767400e+01,-9.650046386663403553e+01
-7.870275344745763846e+01,8.960066868750064373e+01,-9.602696360200232562e+01
-7.838846321112997373e+01,8.918281765774895575e+01,-9.564050017779557322e+01
-7.796822935225596041e+01,8.875727785579060480e+01,-9.537874299386854204e+01
-7.748464634815466923e+01,8.827900663934696013e+01,-9.518237740984534412e+01
-7.696096445576591805e+01,8.775389838667231857e+01,-9.490537702232910533e+01
-7.646808631714826276e+01,8.719415705261904748e+01,-9.458905990343579617e+01
-7.604308815341119043e+01,8.651116456385578601e+01,-9.421170217792831636e+01
-7.542649624242027073e+01,8.565538882921194386e+01,-9.382325776930998984e+01
-7.457212900018674873e+01,8.469572167639884697e+01,-9.348301613161525836e+01
-7.373476079618032486e+01,8.374193661736333638e+01,-9.320276302114776001e+01
-7.322067667634220811e+01,8.283097923628852755e+01,-9.307059827664639329e+01
-7.273096175378280748e+01,8.183351519882774028e+01,-9.304479793301675272e+01
-7.225051801687108366e+01,8.081575539349731230e+01,-9.306908374999366629e+01
-7.186778466519571396e+01,7.970466103854981554e+01,-9.310078313327042565e+01
-7.179217653002028499e+01,7.862759459166004206e+01,-9.309269771020824180e+01
-7.187549706901137370e+01,7.770411700133409738e+01,-9.304108962077464184e+01
-7.186088976754442115e+01,7.690838961453265199e+01,-9.296478487258799817e+01
-7.153000675528410568e+01,7.639975293123490019e+01,-9.296585309590805934e+01
-7.122730806353698085e+01,7.594439603177237075e+01,-9.297013367186042387e+01
-7.093323385521009072e+01,7.583911350739855095e+01,-9.290002072344364592e+01
-7.111459971341314201e+01,7.587336383014120145e+01,-9.270319350853641538e+01
-7.112743652552633478e+01,7.576656768226153815e+01,-9.242986075604709129e+01
-7.043959509194183966e+01,7.562317664006063467e+01,-9.214596051544056365e+01
-6.951803798167534865e+01,7.551595061034610978e+01,-9.197406335233665686e+01
-6.900751949273546870e+01,7.540630563417302312e+01,-9.204075152352397993e+01
-6.882539567504868216e+01,7.529126235544308088e+01,-9.217828188519405330e+01
-6.891714779953433379e+01,7.510389743663303364e+01,-9.236487693924502196e+01
-6.902323205107424542e+01,7.485016095121210356e+01,-9.255497495034823885e+01
-6.905437336089261180e+01,7.461442366995065356e+01,-9.272816826121896838e+01
-6.909946359733962140e+01,7.440920503426362131e+01,-9.289381598513116955e+01
-6.920811296225292608e+01,7.426963674307123142e+01,-9.305370605808572293e+01
-6.936520995141924573e+01,7.416467429819074653e+01,-9.320146646079696495e+01
-6.947061922812154933e+01,7.404609485394220769e+01,-9.334037663746283897e+01
-6.943319256614270785e+01,7.390077662930369229e+01,-9.346739429343710981e+01
-6.938088734314686690e+01,7.372548895050495332e+01,-9.350116101936900748e+01
-6.936228240488898678e+01,7.350142216124790195e+01,-9.350585171785247951e+01
-6.935035637534505781e+01,7.318312930863058341e+01,-9.347405555414266587e+01
-6.932047963403250890e+01,7.285456342512252093e+01,-9.344476684637723451e+01
-6.928984858173470229e+01,7.251227029493161069e+01,-9.334819827060655939e+01
-6.927845598685355810e+01,7.223573014685652538e+01,-9.325340435549946960e+01
-6.929866022441170514e+01,7.201002606600373213e+01,-9.312896801572597383e+01
-6.926585729236430211e+01,7.188517919449735416e+01,-9.304936103976470463e+01
-6.919880274445033308e+01,7.180415226430639564e+01,-9.303259017008730325e+01
-6.924266106543016974e+01,7.171517406823721785e+01,-9.306873720110309023e+01
-6.934151637480097463e+01,7.163940036924046240e+01,-9.310507543381064011e+01
-6.941123369978791402e+01,7.152997954676793313e+01,-9.315641906178943543e+01
-6.933834715692933059e+01,7.139620497375025820e+01,-9.326573903434616852e+01
-6.908186876567529566e+01,7.131769100290865993e+01,-9.334081037926401336e+01
-6.872176722043955976e+01,7.129184657342042897e+01,-9.338981660622826553e+01
-6.834539398891405426e+01,7.129616366168643538e+01,-9.339090220788584418e+01
-6.783877888517893950e+01,7.128215798506077761e+01,-9.340707260713944038e+01
-6.737964650299659297e+01,7.121103835290132622e+01,-9.346667931007401364e+01
-6.706942844477462984e+01,7.112744320144938115e+01,-9.354564331836415647e+01
-6.717431963247953774e+01,7.107799757838844812e+01,-9.361906257761273764e+01
-6.728327630142088367e+01,7.109824531580360940e+01,-9.365213939520009490e+01
-6.739358388971878355e+01,7.115424443283029632e+01,-9.368362068162615230e+01
-6.780475987654523351e+01,7.129599191596830110e+01,-9.372690789270670564e+01
-6.832429705894332983e+01,7.147831051213455567e+01,-9.362201285111461857e+01
-6.860055034543972852e+01,7.164016045656536846e+01,-9.352207359863359670e+01
-6.852375957091399528e+01,7.179365955719923420e+01,-9.341694084852731805e+01
-6.821241966188421202e+01,7.186543465974015987e+01,-9.329489404474138325e+01
-6.784427371910972226e+01,7.188901772457745665e+01,-9.316376778267556347e+01
-6.733019134481821766e+01,7.186124378329047602e+01,-9.303035718297859091e+01
-6.681591511945137540e+01,7.180791804595094163e+01,-9.302100250764142686e+01
-6.637380888634189091e+01,7.174063349484791274e+01,-9.301611036533128640e+01
-6.617194869836956173e+01,7.166027629924499820e+01,-9.299083322975748445e+01
-6.608887596586927771e+01,7.162209001052870860e+01,-9.294724764830320396e+01
-6.618372705692213742e+01,7.160428801549173272e+01,-9.289592711726662344e+01
-6.626191830964724261e+01,7.164818991117945757e+01,-9.285321500291047414e+01
-6.630501808140756737e+01,7.169561350384687159e+01,-9.272219119564272205e+01
-6.622094108973996640e+01,7.176890247432329772e+01,-9.259618446057540098e+01
-6.607168613009699243e+01,7.182798022240669411e+01,-9.247110475631913573e+01
-6.575431981214163102e+01,7.189018132351210966e+01,-9.228340738637855623e+01
-6.529739092475016093e+01,7.192659823322627233e+01,-9.207879230528723724e+01
-6.486131961683449276e+01,7.188259755727067102e+01,-9.186213242536342705e+01
-6.449244707374914753e+01,7.179201633351307521e+01,-9.163136264555468813e+01
-6.435717137298260582e+01,7.163207817238976816e+01,-9.143741435595229916e+01
-6.439892765887088899e+01,7.146873469381208110e+01,-9.123186344717630902e+01
-6.452662084399676701e+01,7.129604755930063220e+01,-9.099085341680307693e+01
-6.449845621504368864e+01,7.112223875237941684e+01,-9.062623072244457489e+01
-6.440263707969839402e+01,7.095353495295002233e+01,-9.026122050019094445e+01
-6.434220269215562382e+01,7.075727857977607016e+01,-8.991751147670971989e+01
-6.446336634052750014e+01,7.057130667852422334e+01,-8.957098740529319514e+01
-6.480508678895479591e+01,7.040930633190666299e+01,-8.920467591779525662e+01
-6.502895952740129815e+01,7.032415523593981277e+01,-8.878920448321875369e+01
-6.493476381292495603e+01,7.027493420449948758e+01,-8.836679887330949157e+01
-6.469386409202047616e+01,7.021234965432327613e+01,-8.799506572871661092e+01
-6.437760389410054529e+01,7.014261373876917105e+01,-8.776234016938187210e+01
-6.390556570048662621e+01,7.010450092548859402e+01,-8.757491713416069956e+01
-6.339256779083798676e+01,7.007494182743785416e+01,-8.747815800552270105e+01
-6.241716693257010462e+01,7.011419895916966993e+01,-8.744463192028398169e+01
-6.081447870918682952e+01,7.020659109257859143e+01,-8.743582590387676134e+01
-6.195298239004623753e+01,7.039613665480418092e+01,-8.737053414285597341e+01
-6.282830509644426797e+01,7.060017718572176193e+01,-8.728834027122779560e+01
-6.361795724679113562e+01,7.072282457130191347e+01,-8.714931248934645680e+01
-6.435644564943298462e+01,7.083886223352473621e+01,-8.696240767661929283e+01
-6.502801909345284059e+01,7.095684181249087885e+01,-8.667285515007748131e+01
-6.543049105146414490e+01,7.111868844494891562e+01,-8.630971689042831940e+01
-6.564696792442933315e+01,7.133068081115207804e+01,-8.589817349415780257e+01
-6.577431516863057936e+01,7.158360278181019964e+01,-8.544408823961788357e+01
-6.583241935017488800e+01,7.185305567631115764e+01,-8.499162507966433111e+01
-6.585609378060340191e+01,7.213653556227227170e+01,-8.465226009771343740e+01
-6.597198188240204786e+01,7.244165083830519336e+01,-8.443087666723836548e+01
-6.608430778209073253e+01,7.276151262110346352e+01,-8.423548949395218699e+01
-6.619614252975439683e+01,7.314340535481693450e+01,-8.406664756475046829e+01
-6.621875157521505173e+01,7.359103921904750223e+01,-8.393906550664726751e+01
-6.611126091945540395e+01,7.409194595247637949e+01,-8.386981719449056527e+01
-6.592373020221498336e+01,7.460322713810570860e+01,-8.382810625057555853e+01
-6.566438806396880068e+01,7.515875016550057808e+01,-8.384158829440782768e+01
-6.531955194099901973e+01,7.578251377378273901e+01,-8.390934823888336780e+01
-6.496362217608810852e+01,7.645250441377518769e+01,-8.400130748486954246e+01
-6.472311124065629429e+01,7.718888249525348044e+01,-8.419307349121051232e+01
-6.451007319426628328e+01,7.792809592454061374e+01,-8.451906041702441996e+01
-6.424692327894578625e+01,7.869357510435018810e+01,-8.491007943309253392e+01
-6.409566859338465861e+01,7.954697530311739229e+01,-8.534390611442644570e+01
-6.407601032934339003e+01,8.045830346867344929e+01,-8.572058770809000805e+01
-6.420804574626839667e+01,8.165560393616604529e+01,-8.612141819264955700e+01
-6.450099671281620317e+01,8.306978511283645616e+01,-8.643691753085542473e+01
-6.505878506767953695e+01,8.452498645669875543e+01,-8.659507633807837124e+01
-6.560096399466385719e+01,8.590875145523870060e+01,-8.669690548984080181e+01
-6.590738782973575383e+01,8.727979837380223671e+01,-8.678729599246017301e+01
-6.548378789139844969e+01,8.864735624971650907e+01,-8.686353358949764925e+01
-6.457586798312254928e+01,8.977864947706599708e+01,-8.706526824402233444e+01
-6.356583784084612176e+01,9.077161864751538189e+01,-8.728949471399597826e+01
-6.242303268519589210e+01,9.159657102442386645e+01,-8.754815041711793810e+01
-6.118421191689240857e+01,9.240932790883934445e+01,-8.778918935500193754e+01
-5.988079910858480304e+01,9.304892775166345587e+01,-8.795258222128128978e+01
-5.892670748655608293e+01,9.347630520706496782e+01,-8.802325960465736898e+01
-5.867330806861382797e+01,9.367643130185554412e+01,-8.786002212605303896e+01
-5.851019688589138212e+01,9.383521667721453241e+01,-8.752572351775977211e+01
-5.815089002848193189e+01,9.393400354554276532e+01,-8.709809143122639341e+01
-5.762459301455476179e+01,9.394999746004243946e+01,-8.661868509372555991e+01
-5.708846207039169940e+01,9.391428299275413849e+01,-8.613682824055706533e+01
-5.670127794901824103e+01,9.371586645576246610e+01,-8.559956103742014477e+01
-5.636191629064667552e+01,9.351397688437964462e+01,-8.506986871412905771e+01
-5.600889825083516627e+01,9.311671821943809846e+01,-8.448435176432759874e+01
-5.564962692900656549e+01,9.267322035108685441e+01,-8.387930504101245788e+01
-5.518928772224900570e+01,9.218303824557622761e+01,-8.322414728014888397e+01
-5.466709824081454627e+01,9.166439119900383048e+01,-8.255759115998657194e+01
-5.423412419331892664e+01,9.112486746261591009e+01,-8.184575259593292174e+01
-5.380011255649122148e+01,9.058751903086377411e+01,-8.111613494479799158e+01
-5.332618863359473949e+01,9.006116279382713685e+01,-8.039180375995623251e+01
-5.282658129093548638e+01,8.952480813970912266e+01,-7.969257332411135053e+01
-5.231526768603436750e+01,8.895328463961354259e+01,-7.904341017963623983e+01
-5.176947882934846490e+01,8.831392934171284992e+01,-7.843332412520895502e+01
-5.120614250244778276e+01,8.752454289520399300e+01,-7.795523710963612984e+01
-5.069511602030942754e+01,8.664579607131507544e+01,-7.753843872146066474e+01
-5.034364614670061400e+01,8.579613867517070958e+01,-7.727676342993049730e+01
-5.006176997245270854e+01,8.500324484518419865e+01,-7.710875844874485097e+01
-4.980221542484211028e+01,8.427663850818582603e+01,-7.699848804375547218e+01
-4.951127120489222477e+01,8.340826677045617998e+01,-7.687017403961898765e+01
-4.906997012797743452e+01,8.233364334813967389e+01,-7.655241267089505186e+01
-4.852542877149299727e+01,8.128473313797837818e+01,-7.606475126089424066e+01
-4.794130687681489889e+01,8.038979304661292247e+01,-7.562059710660780354e+01
-4.738939425925073579e+01,7.955886160234689441e+01,-7.523986577189648983e+01
-4.690930296411367095e+01,7.861584753936230641e+01,-7.504574370196868927e+01
-4.679627954573984994e+01,7.768267884822002145e+01,-7.485559782290994235e+01
-4.731521893660070788e+01,7.685240961982808017e+01,-7.461321107879749093e+01
-4.789187496100753094e+01,7.608769798264839324e+01,-7.434890296131838738e+01
-4.790736274077202239e+01,7.558682819609042269e+01,-7.415730452424669750e+01
-4.767235091275157544e+01,7.552735271087114199e+01,-7.414014173960366350e+01
-4.735444444675190567e+01,7.573187512899227158e+01,-7.411829826223980433e+01
-4.753584818384963029e+01,7.598623169027669633e+01,-7.399067647055687758e+01
-4.786279870513612877e+01,7.593415120051855638e+01,-7.366220122530241099e+01
-4.728293199808139491e+01,7.584382053911910759e+01,-7.319928477420258162e+01
-4.651366473619203390e+01,7.574170316000599712e+01,-7.283696084882747357e+01
-4.582581953530585395e+01,7.557401029004674342e+01,-7.257553808339342538e+01
-4.554157144890765352e+01,7.525762871461273562e+01,-7.251696055102341631e+01
-4.569086019907781804e+01,7.489236861399838574e+01,-7.247155482695741568e+01
-4.617081754995597009e+01,7.436724350336257316e+01,-7.236907783393212412e+01
-4.667664802825914450e+01,7.377885841582153148e+01,-7.224697882330971765e+01
-4.732990791641547190e+01,7.314490418706452601e+01,-7.203058731602337161e+01
-4.799463722344178507e+01,7.258103431953929885e+01,-7.167044801625607420e+01
-4.863747946379114495e+01,7.203959253173601951e+01,-7.127149489504060398e+01
-4.922748220158086241e+01,7.154158886622700209e+01,-7.082246278113724713e+01
-4.954708237237922930e+01,7.106490818619724337e+01,-7.045124771581035361e+01
-4.957765474924156024e+01,7.059560496302533750e+01,-7.013548280130238766e+01
-4.965910084283114401e+01,7.011027051463202042e+01,-6.987048639291920438e+01
-4.983396977433044128e+01,6.958711373107094289e+01,-6.970679016759123670e+01
-4.999128535140731344e+01,6.903144376843728480e+01,-6.957625167395873689e+01
-5.013191465908189315e+01,6.846313437809664038e+01,-6.947655222990476886e+01
-5.030773884039076194e+01,6.787678573298916263e+01,-6.942833654989449599e+01
-5.066707543076771003e+01,6.728816048203843536e+01,-6.942058305217884140e+01
-5.119651267111172643e+01,6.669717476054553629e+01,-6.942987919831524835e+01
-5.163419295485249449e+01,6.615931261901489790e+01,-6.946519493208212737e+01
-5.196168208247468812e+01,6.571614212660468013e+01,-6.951469827721550132e+01
-5.227045361538347379e+01,6.539099665202138567e+01,-6.955679783615840961e+01
-5.228979780557024526e+01,6.518703255077771530e+01,-6.959536885713836796e+01
-5.201688530732941018e+01,6.500230968463569070e+01,-6.964103673972674358e+01
-5.151985021471121939e+01,6.483169097677448178e+01,-6.973119665545168289e+01
-5.067879305494031428e+01,6.473332141798366024e+01,-6.986128824349187028e+01
-5.023555475704742435e+01,6.470862943258411804e+01,-6.999785595235081814e+01
-5.090860417733225773e+01,6.475649732706905581e+01,-7.014790929316258428e+01
-5.192084088806911524e+01,6.487586418434652558e+01,-7.023763451196998631e+01
-5.293409066688938225e+01,6.501964799193881106e+01,-7.029663276948654982e+01
-5.409129245518430196e+01,6.514568309666711343e+01,-7.032046836139863899e+01
-5.539408769711437230e+01,6.526233944885652249e+01,-7.036989711009631776e+01
-5.698333260926055743e+01,6.539668742656238010e+01,-7.043255220655896665e+01
-5.899613859272804461e+01,6.553524598718531990e+01,-7.048967670934753471e+01
-5.738836748784795105e+01,6.570127716581461641e+01,-7.053105117778474664e+01
-5.641750487428107874e+01,6.588007278124410959e+01,-7.055362310206275822e+01
-5.546952331786793877e+01,6.602907227370259591e+01,-7.046648144757044463e+01
-5.442017344899612397e+01,6.616088678443786364e+01,-7.036966671100897486e+01
-5.321157187913774322e+01,6.625378140335989485e+01,-7.026582464129266725e+01
-5.192605755412192536e+01,6.633779616442991767e+01,-7.017073565909817034e+01
-5.338501245163323006e+01,6.642719326622530218e+01,-7.009158961623145956e+01
-5.449806951903848073e+01,6.651760480947108078e+01,-7.000903358782154839e+01
-5.535859949622077636e+01,6.663467647914315251e+01,-6.985511181150090465e+01
-5.606279933095446921e+01,6.677877262897476385e+01,-6.968459177177693675e+01
-5.619541883406980531e+01,6.695177616880395988e+01,-6.950087493087025337e+01
-5.560909042084859522e+01,6.714966662565339561e+01,-6.932547021453946456e+01
-5.406060709535613995e+01,6.734903848765765133e+01,-6.916460529883541142e+01
-5.270047509848176759e+01,6.754937155823445494e+01,-6.904568152537972026e+01
-5.212155167401884626e+01,6.774255577086498192e+01,-6.907707117936003272e+01
-5.264668707201844455e+01,6.793808000606546216e+01,-6.911774993956912283e+01
-5.342321996875474355e+01,6.813170243080254807e+01,-6.914835992791994101e+01
-5.362461181677672073e+01,6.830414179459164359e+01,-6.914721536100921639e+01
-5.385475935137238679e+01,6.846318124183959242e+01,-6.912610326797877747e+01
-5.429912554891043186e+01,6.860325778197115199e+01,-6.895823580794790075e+01
-5.499041303819999627e+01,6.871770571034228681e+01,-6.874443893245528159e+01
-5.563127407328318696e+01,6.881600956920534884e+01,-6.851244983974876845e+01
-5.601045043722313466e+01,6.889403879150003718e+01,-6.826129596413795753e+01
-5.610244026723484723e+01,6.895106678370271425e+01,-6.800266576445390854e+01
-5.615502388788190302e+01,6.899789116817785839e+01,-6.774411751749832433e+01
-5.632815917753916324e+01,6.904424595594352354e+01,-6.747585218915051541e+01
-5.661208457763093804e+01,6.909788834465867069e+01,-6.717809914878718303e+01
-5.716239121255186717e+01,6.915194865274189340e+01,-6.684842296162507580e+01
-5.796737646504289643e+01,6.920593673351999087e+01,-6.649430415364389546e+01
-5.871076725941279761e+01,6.925758657440624688e+01,-6.613491853682516819e+01
-5.919252993441497779e+01,6.932351406254443305e+01,-6.578491378306989645e+01
-5.935818209543074886e+01,6.939777564013290601e+01,-6.546227990643731687e+01
-5.887667370434348868e+01,6.951003970769836826e+01,-6.517790988729464630e+01
-5.797735241407323059e+01,6.968485139085207436e+01,-6.494686755629599872e+01
-5.666363270247271799e+01,6.991996540336641885e+01,-6.480828763824851535e+01
-5.518525778926537839e+01,7.017806751226272866e+01,-6.472708306061143446e+01
-5.681072449140858538e+01,7.042322252409134364e+01,-6.471894706401111819e+01
-5.801853385068076818e+01,7.053762652395657540e+01,-6.467903329120984779e+01
-5.905719565739971699e+01,7.062328516226095587e+01,-6.458943548989005023e+01
-5.998641213589093724e+01,7.076015217029565463e+01,-6.446529923057697431e+01
-6.072624618075614222e+01,7.102330279545360270e+01,-6.420387909690339256e+01
-6.134666476666154011e+01,7.136024521154907063e+01,-6.381393826839968142e+01
-6.222918732373380379e+01,7.170216968518465706e+01,-6.341087563680967776e+01
-6.327028845146418234e+01,7.197830667394323712e+01,-6.304600736692572838e+01
-6.435671150207915048e+01,7.217810355643578646e+01,-6.273715559402816666e+01
-6.536663057820526035e+01,7.235516128976829009e+01,-6.244439861526016955e+01
-6.624630130738327694e+01,7.252834425460457624e+01,-6.217027357347627259e+01
-6.702542098310541974e+01,7.271878374209720164e+01,-6.188890550675548496e+01
-6.779212746422254554e+01,7.294915567531103306e+01,-6.158122284561269311e+01
-6.845326400978996162e+01,7.318427457647837286e+01,-6.122743486989488559e+01
-6.909320307478920142e+01,7.345944714811092524e+01,-6.085572701032543108e+01
-6.967331838616321704e+01,7.379531627323994769e+01,-6.049017249206754343e+01
-7.018289155361247822e+01,7.424914270912809400e+01,-6.014912569693689193e+01
-7.056182548725278991e+01,7.477225074642527147e+01,-5.982348028591039224e+01
-7.087349690782689038e+01,7.538786809617137408e+01,-5.955777538535636495e+01
-7.111774116379436350e+01,7.603230358713985026e+01,-5.936347072903171096e+01
-7.136894829641001081e+01,7.667781195927551607e+01,-5.921842046192697495e+01
-7.168199252029778279e+01,7.738614925160423752e+01,-5.923043797021184531e+01
-7.196494648425789364e+01,7.818384636234526397e+01,-5.946841343120947698e+01
-7.226666178146940922e+01,7.901684587087551392e+01,-5.976999081295848981e+01
-7.271449577030688260e+01,8.008259232348808609e+01,-5.990465129646764098e+01
-7.320243527517430948e+01,8.122705109137162083e+01,-6.003109253443093252e+01
-7.371803732062865322e+01,8.250310251081774027e+01,-6.015077130101141734e+01
-7.420154047894969551e+01,8.382582697772649283e+01,-6.013933500304177215e+01
-7.475610102060588247e+01,8.514786940770913759e+01,-6.009904353368156649e+01
-7.540400331464587680e+01,8.648676364531323202e+01,-6.003366929064873858e+01
-7.614853323020795983e+01,8.781810517942034267e+01,-5.994704807400381696e+01
-7.687439394596930242e+01,8.914220999754542163e+01,-5.983261666768976994e+01
-7.706012322441641516e+01,9.047029059043602217e+01,-5.962882864020922113e+01
-7.669624132634068303e+01,9.170375600308160813e+01,-5.947594381201407288e+01
-7.549281331346477941e+01,9.274091627101860524e+01,-5.939467550136876639e+01
-7.410472029450679088e+01,9.365342276255208276e+01,-5.923619052390564832e+01
-7.312126598931892829e+01,9.444498857295316441e+01,-5.897371096153933223e+01
-7.284571388780406664e+01,9.501589309626959334e+01,-5.834134627653372007e+01
-7.283456657612039464e+01,9.549620581541512365e+01,-5.749385677888018620e+01
-7.278195585989053029e+01,9.594088840181240130e+01,-5.656023697787180282e+01
-7.257699483014397401e+01,9.630350824158831813e+01,-5.550487356866048572e+01
-7.225077960134709087e+01,9.654233655369247913e+01,-5.441360529060255402e+01
-7.180972341354011235e+01,9.660887219099907952e+01,-5.330032583755483699e+01
-7.134453280414074072e+01,9.657237126715462239e+01,-5.218374095109240329e+01
-7.092234408813907010e+01,9.630571225927174339e+01,-5.107096445904888782e+01
-7.065261720920614152e+01,9.589985943012199243e+01,-4.998075002673959233e+01
-7.046650984448633892e+01,9.545026328334346033e+01,-4.889170574517792289e+01
-7.012452874869210007e+01,9.495309926098278197e+01,-4.775865001613439631e+01
-6.962366489922500534e+01,9.434558717294457608e+01,-4.655730348969413512e+01
-6.918460276451791913e+01,9.352301796886546015e+01,-4.527175120329430769e+01
-6.900650500592838910e+01,9.241879109319434349e+01,-4.394548960413278138e+01
-6.890124149862175784e+01,9.122073565539139395e+01,-4.263630448470229339e+01
-6.884797040664015810e+01,8.989648134604533425e+01,-4.145299867119507553e+01
-6.861915100921396515e+01,8.848412621855113969e+01,-4.055512226702786904e+01
-6.836508793285082675e+01,8.707850606986382047e+01,-3.971684271869582261e+01
-6.811356548725133564e+01,8.568694212266338184e+01,-3.890155145925762525e+01
-6.786455826610782083e+01,8.430929381493494645e+01,-3.810866266724170970e+01
-6.714812358917821200e+01,8.278400579066649811e+01,-3.784190663757715356e+01
-6.653481746623562287e+01,8.114333600690225978e+01,-3.775767041880529007e+01
-6.595984297989794243e+01,7.954165535867406334e+01,-3.772266557182224034e+01
-6.551622721699695262e+01,7.826602529338008196e+01,-3.780107376078700554e+01
-6.525808107550071213e+01,7.736934391956917523e+01,-3.793693364549673674e+01
-6.522866886376225182e+01,7.661957766653560498e+01,-3.793240128994526827e+01
-6.521377848405825262e+01,7.596056232557178589e+01,-3.779742639064228626e+01
-6.507066838199878589e+01,7.556176233163951395e+01,-3.741372424363459004e+01
-6.510727656491245341e+01,7.526319005968812803e+01,-3.703572220217602506e+01
-6.514351866599699292e+01,7.496760351045624304e+01,-3.666334574250871015e+01
-6.503222691209172979e+01,7.477310115998575668e+01,-3.651298640441991950e+01
-6.516056531578691136e+01,7.452865231656747369e+01,-3.631889121230441475e+01
-6.549694886706015495e+01,7.431723298491692731e+01,-3.599387879769559362e+01
-6.569518081257407971e+01,7.416574490885399484e+01,-3.565788375707860780e+01
-6.580715016247594917e+01,7.398631115194993413e+01,-3.535267383784906770e+01
-6.584022408274087468e+01,7.371361634783846739e+01,-3.511272070705091153e+01
-6.591690932286283555e+01,7.345578324096180722e+01,-3.491982720317118805e+01
-6.604653397006930504e+01,7.322181622850459348e+01,-3.475008842590903413e+01
-6.623640574240297951e+01,7.295754784674345217e+01,-3.460601292635708148e+01
-6.631786021169368439e+01,7.262976223273126664e+01,-3.448370934345983585e+01
-6.635457493762977776e+01,7.227682872165640049e+01,-3.437213367885595972e+01
-6.645184088813479661e+01,7.193153430803035064e+01,-3.428198312236900591e+01
-6.654061122194426048e+01,7.163563130770168641e+01,-3.420393349144602979e+01
-6.663283853419784464e+01,7.141036886593076360e+01,-3.413541633496743088e+01
-6.670961564408537470e+01,7.120834572209747648e+01,-3.407220273545613054e+01
-6.676450890811440786e+01,7.105263327419480390e+01,-3.402670426205192200e+01
-6.687791454436042216e+01,7.094197238720364851e+01,-3.399039978610065305e+01
-6.707649032976212311e+01,7.084335016207666058e+01,-3.395370440228288089e+01
-6.744064592824415172e+01,7.076305049290024840e+01,-3.386133105948059807e+01
-6.767766047933524476e+01,7.071070856723581244e+01,-3.374375971831370435e+01
-6.776295303885289911e+01,7.067631743102029418e+01,-3.361837384141563945e+01
-6.779185162304432311e+01,7.068361228527957962e+01,-3.347823333108261323e+01
-6.781718600319447887e+01,7.070595933228813124e+01,-3.333800101591395304e+01
-6.788985303516108161e+01,7.071904866201100504e+01,-3.324187036940304552e+01
-6.798294836351227843e+01,7.073188016787067056e+01,-3.315449674808326108e+01
-6.801841589396046572e+01,7.071279735732760230e+01,-3.308841096128577419e+01
-6.797535494452031912e+01,7.064933449910178354e+01,-3.304184855980012259e+01
-6.800374357417962301e+01,7.056467479728921433e+01,-3.299797476700125998e+01
-6.804662870176611023e+01,7.048173251140265450e+01,-3.294713559088490484e+01
-6.809291503742416296e+01,7.040645440772935615e+01,-3.277359520363258127e+01
-6.818606549244165649e+01,7.035976509315365490e+01,-3.261098102040713798e+01
-6.815250412980765304e+01,7.036411440612756962e+01,-3.246305201148717856e+01
-6.811785675557561603e+01,7.038603494143957562e+01,-3.231285354344471017e+01
-6.810982229089447060e+01,7.048461364361567405e+01,-3.217390658550070270e+01
-6.797899092351552497e+01,7.061006916169999670e+01,-3.204072135684872080e+01
-6.772561273716955554e+01,7.073005403033738503e+01,-3.190950894787260950e+01
-6.688906398883543147e+01,7.085839207462257150e+01,-3.179156824946926108e+01
-6.583821239507636847e+01,7.094092588732469551e+01,-3.168733282902742943e+01
-6.488303020941742716e+01,7.101219656528493829e+01,-3.157016784170831514e+01
-6.398279880113622653e+01,7.108740756988393628e+01,-3.148302104259373380e+01
-6.307907700477987589e+01,7.113993004245850216e+01,-3.149348291492905005e+01
-6.241701729643855856e+01,7.108862063760504668e+01,-3.160842417850112085e+01
-6.244536033472772374e+01,7.102938909099802345e+01,-3.168461468105519074e+01
-6.282994108953887036e+01,7.095759301168160960e+01,-3.165425705380399890e+01
-6.322196534026985404e+01,7.087344333622836245e+01,-3.147664648618061634e+01
-6.363604976458903195e+01,7.082705979584140721e+01,-3.122246071737339435e+01
-6.417528450738467427e+01,7.082856067308348713e+01,-3.088377333688666226e+01
-6.325807004360915897e+01,7.081527718300728225e+01,-3.040230911857020857e+01
-6.238457283766499017e+01,7.078428715664834669e+01,-2.995374878438514443e+01
-6.146756881311370790e+01,7.072271270441534341e+01,-2.959096849276707886e+01
-6.073046946297009896e+01,7.065024048144084645e+01,-2.927229605089278763e+01
-6.003717751557445581e+01,7.060155982393544605e+01,-2.899695362415159394e+01
-5.953536223841075525e+01,7.059302986374680700e+01,-2.882734964990591919e+01
-5.950497507309787437e+01,7.060930932857593234e+01,-2.866105120701557496e+01
-5.944690271554640049e+01,7.064576331636261841e+01,-2.848183323656530419e+01
-5.935294263232470513e+01,7.072952908907075198e+01,-2.825490502689817873e+01
-5.922777338876579023e+01,7.080893025203027946e+01,-2.798769199626903870e+01
-5.902753238054012996e+01,7.082918677886617331e+01,-2.770334143604316779e+01
-5.869528138968775721e+01,7.083037254982204445e+01,-2.740390416654196315e+01
-5.827330635336315368e+01,7.081528775358346195e+01,-2.718136141574689191e+01
-5.783578888247088656e+01,7.078442163549425459e+01,-2.700710478836482409e+01
-5.699758252955367510e+01,7.074072833365387680e+01,-2.688689573439689440e+01
-5.574509845192051216e+01,7.070075233754150190e+01,-2.680002634736692357e+01
-5.546988177436695366e+01,7.061550820211061819e+01,-2.671749764992074816e+01
-5.554809841966086026e+01,7.053042728357247881e+01,-2.667746993327866889e+01
-5.550664340936231866e+01,7.048806551631497541e+01,-2.661992215001027873e+01
-5.534611257788439787e+01,7.043050519673863619e+01,-2.655472008410134777e+01
-5.512423806201194765e+01,7.030459162226524938e+01,-2.645184031695900373e+01
-5.460326324213701810e+01,7.017006516047459286e+01,-2.636009800243706280e+01
-5.426355961215973878e+01,7.003615604650909177e+01,-2.619851365697731893e+01
-5.378391710543424153e+01,6.994327795615582488e+01,-2.604618279375940304e+01
-5.332632995174353852e+01,6.986487578302482859e+01,-2.588686338562245837e+01
-5.286903109583774807e+01,6.975629355544407417e+01,-2.579936419046979523e+01
-5.236033864177573349e+01,6.964107746172247460e+01,-2.586280586480974719e+01
-5.149533588173108001e+01,6.956693966098670501e+01,-2.600681710245630285e+01
-5.351059581249988639e+01,6.955818630859278073e+01,-2.617950287630960560e+01
-5.530392013165324272e+01,6.961537501470141365e+01,-2.621505279194777316e+01
-5.666758427248531405e+01,6.977068793917668188e+01,-2.621217794146699731e+01
-5.795083715686557468e+01,6.999576308582496154e+01,-2.613749488944866783e+01
-5.920575688058917763e+01,7.026703914184533062e+01,-2.599389118767405193e+01
-6.029965106122414653e+01,7.061460879849047956e+01,-2.574942853740197890e+01
-6.134649400448655854e+01,7.097186175737364522e+01,-2.541364406993016800e+01
-6.233649447577565894e+01,7.128488245507617194e+01,-2.519341092933266069e+01
-6.319549439287428072e+01,7.157501313718634606e+01,-2.490176615721231812e+01
-6.385454687783363426e+01,7.190605690970826913e+01,-2.455913025597319077e+01
-6.395819528151179156e+01,7.225789805835104573e+01,-2.420391306329654668e+01
-6.400904908527641624e+01,7.265729948706727725e+01,-2.383593707843596832e+01
-6.411218668987822866e+01,7.307164497865620945e+01,-2.346327880289505075e+01
-6.430842538361218885e+01,7.344094943991991897e+01,-2.318694185702149824e+01
-6.474659847198078921e+01,7.378008384148638754e+01,-2.291665492907991464e+01
-6.500333852932433842e+01,7.410581286411353119e+01,-2.264754895827819681e+01
-6.518016379578931208e+01,7.443139883710405513e+01,-2.239902212739115583e+01
-6.536930169541315649e+01,7.480699129883576859e+01,-2.215568129763482830e+01
-6.563709021396098819e+01,7.521282659858762543e+01,-2.152143027124674646e+01
-6.576856150853836880e+01,7.560156281114876720e+01,-2.086561690860609630e+01
-6.576169638428358155e+01,7.599769218844093643e+01,-2.020486202409018972e+01
-6.568564039465461235e+01,7.646664174644470791e+01,-1.954507265491204393e+01
-6.558091509694641275e+01,7.701519662254611376e+01,-1.890521946594793334e+01
-6.554711387538952749e+01,7.757939415990117027e+01,-1.827778568931224612e+01
-6.559116213904599135e+01,7.822477395769088560e+01,-1.772623968413757822e+01
-6.573666105122802605e+01,7.893956801435344062e+01,-1.718312595409370402e+01
-6.593940308133370820e+01,7.976247351131253538e+01,-1.669088378109950099e+01
-6.615089516887991294e+01,8.063898606460767837e+01,-1.620483765354832428e+01
-6.645157158917064066e+01,8.169286624163876809e+01,-1.581905729314371989e+01
-6.689506330550048574e+01,8.294697875609234927e+01,-1.545946003629384080e+01
-6.759851251521955362e+01,8.438348649377948618e+01,-1.544725131355022896e+01
-6.837742852823694761e+01,8.590479607939737150e+01,-1.536668246589856146e+01
-6.906807260747964961e+01,8.745728539051431483e+01,-1.512778029456207207e+01
-6.942704046040233834e+01,8.906934874171787442e+01,-1.464693474289365760e+01
-6.978241863479578910e+01,9.066529145940938861e+01,-1.410217888344694970e+01
-6.985466491142284440e+01,9.218838277090823397e+01,-1.339054847366596945e+01
-6.905497775510127667e+01,9.356276857494471244e+01,-1.287677762842613127e+01
-6.808759443144430179e+01,9.481735092465446257e+01,-1.235680654398947986e+01
-6.707459212251643521e+01,9.586583535263984857e+01,-1.169884762924766797e+01
-6.624379895888749559e+01,9.665578227036388625e+01,-1.093662253892590641e+01
-6.555037897844350425e+01,9.731711234201972616e+01,-1.013492038862148092e+01
-6.513149285614287010e+01,9.768445594389920927e+01,-9.270446235320529027e+00
-6.471705950932685880e+01,9.790956088730214901e+01,-8.519288940414016409e+00
-6.435490438507804356e+01,9.797406136097343676e+01,-7.779201873985260640e+00
-6.393287226632336484e+01,9.795377792497708924e+01,-7.100106799356905363e+00
-6.335238366134873900e+01,9.789023227404751992e+01,-6.466213627672841469e+00
-6.261419592081372798e+01,9.768923946926977919e+01,-5.858914467912778257e+00
-6.199963013234080478e+01,9.731741693039793972e+01,-5.234523420030065211e+00
-6.157477362522310216e+01,9.681713885885376669e+01,-5.080371661665809668e+00
-6.131148503326933508e+01,9.628349452477405634e+01,-4.909700663102449347e+00
-6.110373598646463478e+01,9.575630925353040368e+01,-4.735502412946323680e+00
-6.092512612293537444e+01,9.522168834123603176e+01,-4.517020457595655181e+00
-6.079030683057359852e+01,9.459626098670635486e+01,-4.179108889580905206e+00
-6.057495568579886935e+01,9.381622733316315532e+01,-3.691498723251046332e+00
-6.009373000769174666e+01,9.292593044099145061e+01,-3.370799924644620305e+00
-5.952212164853555976e+01,9.199767572009908179e+01,-3.086600585961193133e+00
-5.909701395617924646e+01,9.094632784238807233e+01,-2.962718328255826261e+00
-5.882891710637100147e+01,8.985283294550589517e+01,-2.951829240842026802e+00
-5.878943587854281105e+01,8.866642784200304561e+01,-3.169414106775407802e+00
-5.874751146132598478e+01,8.741827063657343899e+01,-3.772428201618408306e+00
-5.862316231593326421e+01,8.616509679670672028e+01,-4.402102974462587248e+00
-5.834175342615087345e+01,8.496667353795470490e+01,-5.026736649112988786e+00
-5.803397974172458618e+01,8.382286821852274272e+01,-5.621786138183939130e+00
-5.778811920649842904e+01,8.288117664131593187e+01,-6.166187428374669821e+00
-5.758594176457465608e+01,8.195314363084429488e+01,-6.693060027770735942e+00
-5.730131164544944511e+01,8.133381440747044167e+01,-7.202946050665288702e+00
-5.700832883854430122e+01,8.074504537018164285e+01,-7.747655100575001619e+00
-5.656624249287294504e+01,8.019198365651841698e+01,-8.261968201166251191e+00
-5.616692804183649912e+01,7.971972723363695934e+01,-8.733044876838354398e+00
-5.587280547338230008e+01,7.927712442881620802e+01,-9.155788525056188121e+00
-5.574548781233712447e+01,7.881461931839328372e+01,-9.499803291930239979e+00
-5.541383147823248123e+01,7.832677699117628833e+01,-1.000347893508000219e+01
-5.487319228591444897e+01,7.786152195423183286e+01,-1.052023596824627205e+01
-5.440348689142331295e+01,7.751902043464208703e+01,-1.101649403151239426e+01
-5.420819577488641272e+01,7.727059759622937918e+01,-1.148678973137261394e+01
-5.407565158227044577e+01,7.717937402029865268e+01,-1.192497940421468527e+01
-5.393564074606513969e+01,7.715580075684680139e+01,-1.235680270179598494e+01
-5.354696385182203500e+01,7.714876747859500483e+01,-1.273164502710800683e+01
-5.322690432086388768e+01,7.707460842408430324e+01,-1.323137521823478657e+01
-5.299137053568998823e+01,7.696724310220690768e+01,-1.376974171867936292e+01
-5.288801589710488571e+01,7.688932663888732577e+01,-1.435825410712957506e+01
-5.277145518317548323e+01,7.691476285803105384e+01,-1.496674968737201539e+01
-5.256222118403420041e+01,7.707943504759410303e+01,-1.584441237890435517e+01
-5.219333190093558983e+01,7.734014991187139287e+01,-1.671736194522429031e+01
-5.162901101991312913e+01,7.760714984550810414e+01,-1.756400598213678776e+01
-5.109933796611981194e+01,7.780084342500279604e+01,-1.833793800474233038e+01
-5.079331563571616925e+01,7.783623994081993658e+01,-1.901565161667371484e+01
-5.069073585832107653e+01,7.773769774012643552e+01,-1.965799737849967599e+01
-5.085151845751632038e+01,7.738113695811607329e+01,-2.017477425703559391e+01
-5.107776830444991134e+01,7.689924033070360565e+01,-2.070068689077523771e+01
-5.125589109409094846e+01,7.622722697812943693e+01,-2.126774432021887762e+01
-5.148515590700301914e+01,7.555023143781912154e+01,-2.180609509099147658e+01
-5.196321524783790125e+01,7.487150993174853397e+01,-2.228807993558045197e+01
-5.243649399526442778e+01,7.419957564073864376e+01,-2.275033869556430943e+01
-5.308827140645664855e+01,7.354679143249816775e+01,-2.322047124976914390e+01
-5.369262715367727878e+01,7.294652943432328129e+01,-2.362447153549565471e+01
-5.420529556511647939e+01,7.239192831817497620e+01,-2.397309065515783644e+01
-5.468990071879745329e+01,7.186998007294904767e+01,-2.428027843652692752e+01
-5.511180172364832686e+01,7.139072623824945651e+01,-2.454943968340586125e+01
-5.537205615367343370e+01,7.096366490782092740e+01,-2.478985196575866823e+01
-5.555019710095148611e+01,7.053645887189435371e+01,-2.521307618296810205e+01
-5.565983796218922919e+01,7.013245045889287610e+01,-2.564185002388994405e+01
-5.592483191185366564e+01,6.977344155648269464e+01,-2.607385511499938957e+01
-5.627675061276595159e+01,6.945365499611799009e+01,-2.652860760756885483e+01
-5.655944958485724072e+01,6.918512327844582899e+01,-2.700712084273521185e+01
-5.670037166236281934e+01,6.896896905239579212e+01,-2.749794255228339068e+01
-5.675216741139390564e+01,6.882083489492832484e+01,-2.810550967563973401e+01
-5.701802953950005559e+01,6.871132891186219638e+01,-2.872988078389570532e+01
-5.727692016618782844e+01,6.863002232001115033e+01,-2.933193967522647583e+01
-5.719058975518387911e+01,6.864120431850103898e+01,-2.990051452582757108e+01
-5.657531181306211465e+01,6.870186458216660697e+01,-3.044747696370961521e+01
-5.585222796267886025e+01,6.879466579396506631e+01,-3.097571993871540386e+01
-5.527587722307472973e+01,6.893273213588925330e+01,-3.171078048942199601e+01
-5.462846076075661017e+01,6.905335200011158747e+01,-3.248018013794181513e+01
-5.390581764490341499e+01,6.915136780410144013e+01,-3.327987990501199533e+01
-5.400872545873605901e+01,6.927111425722290505e+01,-3.408372528119078027e+01
-5.437338506335915156e+01,6.945484741050276511e+01,-3.489247784791965756e+01
-5.457855347160693071e+01,6.963763319751579672e+01,-3.569814352063532681e+01
-5.462158673325602365e+01,6.982120093791756688e+01,-3.667598091894753765e+01
-5.308800990901272598e+01,6.999012323766072541e+01,-3.755159381631762017e+01
-5.191361803352551618e+01,7.013043294466051236e+01,-3.833145700838148429e+01
-5.075097007679317329e+01,7.026933955459028880e+01,-3.908078105976360206e+01
-4.959994859962815639e+01,7.040685709842077245e+01,-3.980360040187707682e+01
-4.836660586702054587e+01,7.052006288909657883e+01,-4.046904629633700523e+01
-4.745875237104701228e+01,7.057521285896390850e+01,-4.112224676010801261e+01
-4.655997741003321977e+01,7.062981132913259330e+01,-4.175839666266533357e+01
-4.588316683425644271e+01,7.064682089394224818e+01,-4.270862934830269353e+01
-4.532751828156236940e+01,7.064298817181578727e+01,-4.366849742540962609e+01
-4.575419842756791411e+01,7.059856742430410748e+01,-4.465127690226910318e+01
-4.618889102650631884e+01,7.059791307865472731e+01,-4.559994591069177972e+01
-4.655319542308449599e+01,7.063752945298323027e+01,-4.652012686699953292e+01
-4.677868778998489319e+01,7.074049583948882969e+01,-4.738059429448002646e+01
-4.674490645399001920e+01,7.086221426181626271e+01,-4.804770692558925305e+01
-4.630097486187987954e+01,7.098107585823338184e+01,-4.871829610174556535e+01
-4.590175754439510314e+01,7.109434169758812061e+01,-4.940144983654273148e+01
-4.510461457164458210e+01,7.120293033503890001e+01,-5.012640007090554661e+01
-4.422640140740124792e+01,7.131771431267399919e+01,-5.083403095286652729e+01
-4.432112376637262940e+01,7.138334821101010164e+01,-5.152367999073501181e+01
-4.479255366100962021e+01,7.144926447243469170e+01,-5.225771236461685021e+01
-4.490392504942487761e+01,7.149217178786017257e+01,-5.290798079704863000e+01
-4.492530240579251455e+01,7.145513386915925480e+01,-5.351850524566101086e+01
-4.509817860318842264e+01,7.141793851810966487e+01,-5.410955440047877119e+01
-4.525422192834577828e+01,7.137603504974805446e+01,-5.466336325710690147e+01
-4.526540596519684101e+01,7.127707547002709987e+01,-5.519776186399691653e+01
-4.531169253102414274e+01,7.116892914901136180e+01,-5.577539152154319879e+01
-4.546417912743647349e+01,7.104731879369457204e+01,-5.636876358425364231e+01
-4.556276448843548366e+01,7.096393550962828556e+01,-5.700213539874918922e+01
-4.542595770349653606e+01,7.093364969453187996e+01,-5.766682463286081628e+01
-4.515076214577431557e+01,7.095357906287649996e+01,-5.834517757788884751e+01
-4.491281691071843341e+01,7.103226550157698682e+01,-5.903362333056534794e+01
-4.437701562725013815e+01,7.114331520120144603e+01,-5.960666424671195784e+01
-4.342694304413675610e+01,7.124851231191397005e+01,-6.017055473838677671e+01
-4.193076926244678759e+01,7.129312724014525315e+01,-6.084717109958790360e+01
-4.361148316767499011e+01,7.135567123465267514e+01,-6.162896881553520956e+01
-4.494361554532920877e+01,7.142616118940456715e+01,-6.252222838550515860e+01
-4.605680888963690478e+01,7.142609975495044239e+01,-6.334080895476044759e+01
-4.721711323098022461e+01,7.145666705017593756e+01,-6.417164935738975373e+01
-4.853491817407054043e+01,7.158726876661940253e+01,-6.481548922404628854e+01
-4.984688782591411638e+01,7.183074277391331464e+01,-6.534808003719120961e+01
-5.098866845789613933e+01,7.204780331609892130e+01,-6.587839933395410696e+01
-5.211903128355834269e+01,7.226269325286266110e+01,-6.642056444811815652e+01
-5.328329592447365570e+01,7.244090120688144907e+01,-6.703207737261040222e+01
-5.445471817129453029e+01,7.263824285802185443e+01,-6.762005650236936560e+01
-5.536261542961191395e+01,7.284664338702302189e+01,-6.822124102122985789e+01
-5.562563080086844280e+01,7.310676041670436121e+01,-6.881650706470955470e+01
-5.602817634645153788e+01,7.342016805928561496e+01,-6.940617836916773342e+01
-5.643390651322982166e+01,7.375095254486306828e+01,-6.998308023097155228e+01
-5.678611549255204238e+01,7.410788394263637713e+01,-7.055576580229158878e+01
-5.696729870412134744e+01,7.447566002071985736e+01,-7.106340993477941481e+01
-5.700078390685108332e+01,7.483328299954546026e+01,-7.157728569920307393e+01
-5.699513180101224208e+01,7.516974441313200828e+01,-7.210726403625375269e+01
-5.691632157248550072e+01,7.548025340843955178e+01,-7.265852618223502191e+01
-5.673594219241621062e+01,7.578781228706122874e+01,-7.320976285592929855e+01
-5.666511993011832971e+01,7.608869855803612836e+01,-7.376657791961670796e+01
-5.665556515677369021e+01,7.638304178712685655e+01,-7.435745174909651212e+01
-5.668171225288805459e+01,7.668130340696892233e+01,-7.494950937118647971e+01
-5.678408713722284773e+01,7.699761601084412632e+01,-7.555309456343726993e+01
-5.686157532997701480e+01,7.732172149824718588e+01,-7.616042734886340781e+01
-5.684045663344249277e+01,7.768112112461999175e+01,-7.675130569252425516e+01
-5.674411360712156949e+01,7.807601011368794275e+01,-7.733212842531828812e+01
-5.662796852127372915e+01,7.853723807099508747e+01,-7.780621349991555746e+01
-5.646445429830087193e+01,7.900878889915318837e+01,-7.828682215448259285e+01
-5.634428891924859073e+01,7.954120965270567467e+01,-7.881489354886979015e+01
-5.627534284495397543e+01,8.015419609795928579e+01,-7.944140441054796042e+01
-5.616508782670072009e+01,8.079850807430963755e+01,-8.011488234039521217e+01
-5.607977311907815476e+01,8.150023159062678246e+01,-8.097261028132078309e+01
-5.597487638179576663e+01,8.220232469466566272e+01,-8.189980287191551156e+01
-5.597509195553863748e+01,8.301029038757440048e+01,-8.292117519612723697e+01
-5.608446870686351815e+01,8.395663899496784666e+01,-8.411513548129008200e+01
-5.619667969429652743e+01,8.507252395773727471e+01,-8.540583167829679212e+01
-5.634315736874349057e+01,8.639636117185229125e+01,-8.662252001290934800e+01
-5.674406864916919346e+01,8.777535992794179265e+01,-8.762522848907414641e+01
-5.732650630523342983e+01,8.926581123663811468e+01,-8.841303773576242975e+01
-5.776450691877783328e+01,9.075386419108200187e+01,-8.916467831084386830e+01
-5.785947813473843127e+01,9.222087294514541611e+01,-8.984529559578601265e+01
-5.740028803604850793e+01,9.369526820431575231e+01,-9.034743738703296856e+01
-5.648660685353988953e+01,9.517013763136742455e+01,-9.078844577086870515e+01
-5.434005383296735658e+01,9.644733784962016898e+01,-9.124437769393937003e+01
-5.330142734319096576e+01,9.739957180838840145e+01,-9.149416841577286164e+01
-5.274303438213224382e+01,9.813120487404945891e+01,-9.164513149451398988e+01
-5.250979874953598880e+01,9.856217151633214257e+01,-9.176143112167815730e+01
-5.239714153526141871e+01,9.887957199816682419e+01,-9.182523754513101721e+01
-5.227743568128070706e+01,9.905554694485360301e+01,-9.182744783639694219e+01
-5.198190608743184526e+01,9.914735272383083498e+01,-9.177604401160421332e+01
-5.156081529079329329e+01,9.901062962685442415e+01,-9.168723795815823507e+01
-5.114324480706950027e+01,9.862767217170025447e+01,-9.160274096674010025e+01
-5.080241581671531748e+01,9.814580772510181816e+01,-9.153318075781143648e+01
-5.062564042699054312e+01,9.756462411193624007e+01,-9.148425438806293641e+01
-5.057733845317498123e+01,9.696133296780493538e+01,-9.143129930413459761e+01
-5.049772766562257686e+01,9.636372073415144257e+01,-9.127667082543240440e+01
-5.021937386748217591e+01,9.576500877042363413e+01,-9.110943674532511238e+01
-4.994380360732318280e+01,9.517228392633312239e+01,-9.094124571930156264e+01
